3.354	2.220	1.725	1.391	0.812	0.703	0.544	0.585	0.673	0.587	0.535	0.364	0.277	0.372	0.657	0.664	0.571	0.593	0.551	0.598	0.626	0.860	0.512	0.399	0.583	0.363	0.325	0.354	0.417	0.405	0.451	0.573	0.481	0.528	0.413	0.518	0.813	0.787	0.807	0.641	0.585	0.481	0.389	0.600	0.523	0.608	0.400	0.484	0.460	0.486	0.377	0.404	0.276	0.503	0.455	0.361	0.454	0.499	0.443	0.525	0.508	0.447	0.380	0.432	0.530	0.807	0.832	0.692	0.626	0.560	0.560	0.466	0.484	0.683	0.834	0.986	0.761	0.820	0.341	0.358	0.329	0.312	0.489	0.469	0.383	0.482	0.333	0.476	0.457	0.315	0.371	0.370	0.407	0.540	0.492	0.577	0.499	0.403	0.399	0.342	0.311	0.428	0.586	0.625	0.752	0.602	0.668	0.893	0.727	0.579	0.378	0.368	0.421	0.351	0.454	0.477	0.576	0.650	0.602	0.377	0.419	0.513	0.395	0.667	0.599	0.721	0.611	0.801	0.577	0.687	0.594	0.478	0.497	0.427	0.343	0.278	0.459
2.220	3.375	1.826	1.466	1.272	0.711	0.491	0.637	0.753	0.537	0.509	0.331	0.274	0.415	0.674	0.701	0.537	0.630	0.580	0.530	0.552	0.666	0.411	0.461	0.477	0.383	0.329	0.344	0.368	0.364	0.498	0.665	0.560	0.564	0.516	0.617	0.844	0.805	0.870	0.537	0.506	0.401	0.339	0.507	0.540	0.611	0.401	0.487	0.433	0.441	0.367	0.371	0.223	0.399	0.275	0.252	0.347	0.396	0.430	0.556	0.480	0.385	0.383	0.341	0.452	0.621	0.753	0.596	0.525	0.551	0.472	0.408	0.534	0.666	0.883	0.953	0.909	0.986	0.307	0.352	0.289	0.246	0.459	0.478	0.370	0.590	0.312	0.406	0.419	0.400	0.456	0.472	0.509	0.591	0.546	0.556	0.511	0.407	0.395	0.363	0.335	0.406	0.621	0.674	0.757	0.778	0.824	1.007	0.800	0.647	0.445	0.469	0.383	0.323	0.401	0.497	0.597	0.679	0.565	0.364	0.512	0.467	0.492	0.628	0.655	0.727	0.686	0.759	0.556	0.674	0.613	0.455	0.507	0.456	0.364	0.347	0.671
1.725	1.826	3.290	1.496	1.211	0.992	0.558	0.510	0.627	0.522	0.540	0.370	0.364	0.244	0.606	0.506	0.583	0.701	0.642	0.620	0.634	0.764	0.549	0.483	0.417	0.316	0.325	0.358	0.398	0.478	0.510	0.632	0.504	0.547	0.518	0.514	0.700	0.685	0.731	0.551	0.581	0.438	0.402	0.569	0.510	0.561	0.378	0.516	0.499	0.547	0.439	0.425	0.316	0.477	0.341	0.228	0.372	0.401	0.484	0.614	0.509	0.389	0.270	0.245	0.411	0.578	0.686	0.557	0.554	0.551	0.553	0.425	0.417	0.544	0.785	0.920	0.814	0.769	0.305	0.329	0.274	0.279	0.515	0.504	0.303	0.453	0.338	0.376	0.412	0.399	0.432	0.454	0.478	0.595	0.527	0.580	0.530	0.459	0.412	0.374	0.296	0.394	0.597	0.643	0.780	0.710	0.662	0.896	0.790	0.537	0.415	0.428	0.400	0.389	0.394	0.475	0.510	0.551	0.563	0.327	0.462	0.511	0.547	0.739	0.675	0.740	0.644	0.799	0.538	0.589	0.565	0.481	0.524	0.501	0.377	0.333	0.463
1.391	1.466	1.496	2.603	0.985	1.181	0.562	0.369	0.492	0.448	0.457	0.248	0.330	0.334	0.681	0.568	0.451	0.628	0.435	0.465	0.437	0.561	0.345	0.294	0.325	0.198	0.239	0.235	0.250	0.346	0.385	0.510	0.358	0.398	0.273	0.358	0.508	0.551	0.528	0.445	0.394	0.344	0.366	0.430	0.456	0.500	0.248	0.360	0.270	0.282	0.215	0.224	0.164	0.353	0.320	0.247	0.323	0.374	0.357	0.369	0.293	0.262	0.218	0.336	0.366	0.533	0.671	0.649	0.537	0.472	0.357	0.221	0.269	0.428	0.660	0.667	0.558	0.600	0.167	0.171	0.212	0.228	0.435	0.441	0.279	0.370	0.352	0.252	0.316	0.186	0.242	0.301	0.265	0.511	0.419	0.416	0.374	0.414	0.343	0.261	0.214	0.419	0.481	0.489	0.592	0.473	0.397	0.668	0.547	0.421	0.316	0.279	0.330	0.316	0.404	0.500	0.570	0.516	0.406	0.334	0.369	0.466	0.377	0.535	0.501	0.531	0.648	0.627	0.548	0.529	0.479	0.329	0.462	0.326	0.296	0.194	0.338
0.812	1.272	1.211	0.985	2.076	0.925	0.663	0.443	0.320	0.276	0.386	0.188	0.228	0.192	0.422	0.321	0.246	0.313	0.311	0.393	0.347	0.352	0.341	0.207	0.226	0.186	0.116	0.198	0.232	0.314	0.416	0.329	0.151	0.259	0.191	0.408	0.442	0.378	0.471	0.498	0.508	0.450	0.345	0.326	0.324	0.417	0.288	0.325	0.276	0.201	0.181	0.211	0.135	0.327	0.206	0.207	0.358	0.300	0.316	0.262	0.244	0.251	0.251	0.287	0.251	0.391	0.590	0.458	0.329	0.294	0.216	0.136	0.212	0.364	0.560	0.504	0.395	0.463	0.159	0.131	0.140	0.250	0.384	0.446	0.330	0.312	0.342	0.281	0.313	0.181	0.213	0.207	0.240	0.371	0.425	0.462	0.308	0.325	0.272	0.247	0.165	0.226	0.370	0.304	0.407	0.397	0.438	0.584	0.488	0.454	0.294	0.278	0.182	0.109	0.247	0.369	0.369	0.445	0.443	0.349	0.472	0.443	0.514	0.480	0.722	0.560	0.579	0.602	0.513	0.467	0.300	0.221	0.302	0.194	0.190	0.174	0.286
0.703	0.711	0.992	1.181	0.925	1.996	0.951	0.612	0.463	0.307	0.323	0.198	0.181	0.181	0.421	0.354	0.234	0.318	0.294	0.404	0.332	0.460	0.313	0.198	0.261	0.130	0.150	0.235	0.209	0.255	0.309	0.310	0.263	0.443	0.310	0.514	0.549	0.405	0.594	0.427	0.511	0.450	0.307	0.378	0.268	0.358	0.208	0.196	0.157	0.152	0.140	0.172	0.124	0.318	0.223	0.212	0.369	0.392	0.444	0.326	0.252	0.235	0.186	0.244	0.195	0.392	0.545	0.410	0.296	0.276	0.313	0.138	0.240	0.280	0.472	0.403	0.376	0.368	0.164	0.173	0.238	0.253	0.338	0.381	0.292	0.360	0.311	0.219	0.197	0.219	0.252	0.226	0.245	0.364	0.310	0.378	0.317	0.357	0.227	0.190	0.130	0.223	0.335	0.273	0.378	0.491	0.398	0.445	0.466	0.289	0.176	0.217	0.182	0.137	0.246	0.285	0.375	0.402	0.441	0.414	0.468	0.434	0.464	0.477	0.541	0.389	0.567	0.558	0.516	0.443	0.333	0.187	0.270	0.243	0.202	0.118	0.171
0.544	0.491	0.558	0.562	0.663	0.951	1.409	0.803	0.680	0.393	0.224	0.158	0.144	0.160	0.389	0.249	0.182	0.247	0.203	0.229	0.263	0.378	0.235	0.100	0.163	0.083	0.074	0.143	0.139	0.172	0.289	0.338	0.292	0.589	0.288	0.418	0.336	0.341	0.414	0.390	0.453	0.357	0.284	0.295	0.182	0.279	0.126	0.131	0.182	0.117	0.069	0.082	0.055	0.266	0.144	0.162	0.333	0.364	0.408	0.321	0.190	0.234	0.174	0.153	0.208	0.347	0.487	0.305	0.256	0.219	0.177	0.102	0.151	0.235	0.393	0.319	0.331	0.332	0.122	0.132	0.197	0.198	0.292	0.415	0.175	0.235	0.186	0.171	0.144	0.139	0.148	0.163	0.125	0.255	0.271	0.323	0.260	0.282	0.144	0.158	0.082	0.146	0.250	0.237	0.304	0.284	0.287	0.350	0.279	0.196	0.088	0.114	0.069	0.138	0.267	0.210	0.272	0.350	0.355	0.359	0.317	0.271	0.227	0.320	0.323	0.251	0.475	0.514	0.326	0.361	0.169	0.192	0.243	0.176	0.172	0.109	0.124
0.585	0.637	0.510	0.369	0.443	0.612	0.803	1.611	1.125	0.611	0.566	0.287	0.154	0.142	0.298	0.227	0.219	0.212	0.214	0.281	0.350	0.335	0.161	0.147	0.230	0.211	0.135	0.186	0.245	0.249	0.396	0.544	0.542	0.610	0.393	0.361	0.443	0.373	0.370	0.400	0.443	0.356	0.285	0.430	0.291	0.339	0.163	0.268	0.271	0.283	0.186	0.204	0.138	0.287	0.270	0.125	0.279	0.198	0.301	0.256	0.228	0.213	0.152	0.080	0.317	0.435	0.380	0.258	0.282	0.337	0.331	0.260	0.312	0.308	0.374	0.407	0.376	0.417	0.228	0.257	0.289	0.247	0.329	0.304	0.187	0.273	0.127	0.145	0.191	0.259	0.291	0.287	0.173	0.333	0.205	0.223	0.338	0.277	0.280	0.320	0.167	0.157	0.250	0.285	0.332	0.316	0.320	0.385	0.227	0.243	0.110	0.157	0.099	0.141	0.280	0.472	0.358	0.633	0.460	0.289	0.286	0.270	0.190	0.345	0.327	0.359	0.489	0.595	0.408	0.400	0.297	0.314	0.272	0.218	0.181	0.156	0.187
0.673	0.753	0.627	0.492	0.320	0.463	0.680	1.125	1.978	0.970	0.886	0.588	0.248	0.136	0.341	0.327	0.269	0.307	0.280	0.308	0.378	0.379	0.222	0.178	0.253	0.233	0.184	0.202	0.282	0.272	0.540	0.725	0.523	0.716	0.425	0.343	0.490	0.439	0.434	0.418	0.365	0.275	0.322	0.509	0.603	0.670	0.378	0.436	0.403	0.410	0.272	0.284	0.193	0.257	0.288	0.180	0.327	0.268	0.360	0.279	0.343	0.315	0.286	0.201	0.289	0.484	0.447	0.381	0.340	0.331	0.347	0.418	0.421	0.525	0.580	0.564	0.539	0.545	0.278	0.387	0.334	0.220	0.336	0.379	0.122	0.230	0.144	0.189	0.240	0.280	0.336	0.354	0.250	0.422	0.369	0.449	0.547	0.364	0.336	0.324	0.215	0.208	0.402	0.365	0.499	0.464	0.368	0.490	0.392	0.254	0.124	0.227	0.126	0.193	0.341	0.656	0.632	0.765	0.510	0.327	0.281	0.321	0.253	0.412	0.402	0.363	0.494	0.500	0.347	0.557	0.508	0.505	0.448	0.313	0.186	0.195	0.163
0.587	0.537	0.522	0.448	0.276	0.307	0.393	0.611	0.970	1.592	0.886	0.786	0.471	0.245	0.382	0.286	0.196	0.243	0.250	0.416	0.300	0.352	0.252	0.221	0.355	0.242	0.261	0.321	0.288	0.398	0.522	0.677	0.488	0.719	0.370	0.391	0.531	0.467	0.536	0.531	0.513	0.488	0.467	0.582	0.650	0.664	0.434	0.309	0.368	0.370	0.257	0.271	0.193	0.233	0.213	0.201	0.328	0.337	0.357	0.272	0.350	0.272	0.280	0.286	0.461	0.541	0.583	0.448	0.324	0.331	0.302	0.427	0.336	0.533	0.551	0.464	0.508	0.488	0.238	0.419	0.305	0.271	0.431	0.510	0.255	0.323	0.139	0.156	0.311	0.235	0.267	0.254	0.144	0.428	0.414	0.539	0.565	0.390	0.356	0.299	0.324	0.246	0.535	0.570	0.589	0.575	0.395	0.646	0.435	0.284	0.139	0.315	0.256	0.286	0.491	0.603	0.599	0.714	0.444	0.337	0.249	0.305	0.299	0.329	0.325	0.401	0.300	0.426	0.257	0.539	0.607	0.592	0.672	0.497	0.367	0.218	0.192
0.535	0.509	0.540	0.457	0.386	0.323	0.224	0.566	0.886	0.886	1.567	0.562	0.551	0.265	0.316	0.251	0.189	0.288	0.258	0.315	0.299	0.242	0.206	0.193	0.299	0.207	0.202	0.290	0.375	0.528	0.564	0.556	0.421	0.358	0.292	0.173	0.383	0.458	0.430	0.382	0.335	0.349	0.346	0.595	0.573	0.669	0.499	0.478	0.482	0.308	0.153	0.209	0.119	0.289	0.288	0.266	0.415	0.310	0.392	0.324	0.326	0.232	0.183	0.270	0.333	0.497	0.475	0.346	0.215	0.242	0.245	0.360	0.348	0.437	0.420	0.480	0.335	0.532	0.261	0.342	0.261	0.256	0.464	0.500	0.372	0.471	0.236	0.251	0.320	0.129	0.185	0.208	0.181	0.488	0.408	0.528	0.553	0.318	0.373	0.307	0.235	0.265	0.425	0.439	0.458	0.407	0.367	0.467	0.385	0.285	0.171	0.207	0.185	0.214	0.374	0.567	0.631	0.742	0.641	0.279	0.179	0.206	0.265	0.331	0.340	0.378	0.233	0.436	0.399	0.500	0.498	0.515	0.545	0.326	0.295	0.245	0.169
0.364	0.331	0.370	0.248	0.188	0.198	0.158	0.287	0.588	0.786	0.562	1.141	0.384	0.191	0.334	0.167	0.173	0.194	0.202	0.252	0.238	0.151	0.187	0.193	0.271	0.233	0.279	0.400	0.318	0.488	0.411	0.438	0.173	0.296	0.131	0.115	0.273	0.273	0.251	0.230	0.262	0.191	0.126	0.333	0.448	0.536	0.394	0.308	0.384	0.142	0.102	0.116	0.107	0.280	0.314	0.184	0.284	0.325	0.286	0.192	0.298	0.195	0.195	0.220	0.330	0.395	0.319	0.279	0.342	0.298	0.389	0.338	0.198	0.322	0.437	0.355	0.355	0.336	0.140	0.266	0.283	0.266	0.376	0.303	0.073	0.226	0.191	0.131	0.179	0.136	0.169	0.174	0.144	0.274	0.244	0.501	0.490	0.411	0.377	0.232	0.364	0.240	0.463	0.383	0.392	0.428	0.247	0.388	0.201	0.131	0.055	0.149	0.148	0.143	0.387	0.486	0.463	0.521	0.186	0.152	0.143	0.158	0.220	0.325	0.264	0.271	0.233	0.328	0.146	0.295	0.297	0.432	0.544	0.368	0.280	0.154	0.107
0.277	0.274	0.364	0.330	0.228	0.181	0.144	0.154	0.248	0.471	0.551	0.384	0.976	0.206	0.311	0.171	0.091	0.148	0.150	0.156	0.163	0.252	0.189	0.244	0.219	0.110	0.263	0.327	0.367	0.427	0.330	0.194	0.185	0.182	0.103	0.157	0.283	0.264	0.277	0.209	0.191	0.246	0.191	0.256	0.237	0.350	0.380	0.390	0.488	0.205	0.065	0.070	0.073	0.253	0.276	0.232	0.340	0.398	0.324	0.247	0.250	0.143	0.046	0.143	0.188	0.347	0.335	0.178	0.142	0.150	0.136	0.076	0.126	0.188	0.319	0.335	0.263	0.315	0.141	0.133	0.165	0.227	0.323	0.340	0.148	0.300	0.221	0.110	0.168	0.042	0.042	0.070	0.040	0.127	0.166	0.330	0.295	0.348	0.425	0.201	0.237	0.213	0.336	0.334	0.249	0.241	0.175	0.235	0.185	0.119	0.090	0.119	0.210	0.246	0.438	0.542	0.396	0.324	0.235	0.137	0.160	0.200	0.134	0.225	0.192	0.233	0.129	0.223	0.312	0.251	0.279	0.314	0.570	0.473	0.377	0.255	0.148
0.372	0.415	0.244	0.334	0.192	0.181	0.160	0.142	0.136	0.245	0.265	0.191	0.206	1.277	0.772	0.632	0.338	0.396	0.182	0.262	0.264	0.272	0.199	0.143	0.168	0.150	0.180	0.167	0.142	0.205	0.226	0.197	0.162	0.225	0.121	0.132	0.251	0.372	0.200	0.244	0.223	0.219	0.169	0.295	0.208	0.302	0.171	0.181	0.249	0.226	0.109	0.117	0.087	0.199	0.197	0.134	0.203	0.134	0.131	0.189	0.141	0.051	0.065	0.129	0.199	0.314	0.223	0.175	0.151	0.203	0.137	0.159	0.206	0.241	0.233	0.420	0.285	0.239	0.164	0.160	0.142	0.133	0.247	0.257	0.116	0.199	0.155	0.128	0.154	0.042	0.074	0.128	0.127	0.124	0.178	0.185	0.210	0.183	0.193	0.226	0.237	0.266	0.350	0.388	0.222	0.244	0.299	0.277	0.303	0.216	0.232	0.150	0.187	0.284	0.294	0.289	0.272	0.283	0.160	0.086	0.099	0.132	0.112	0.184	0.159	0.256	0.141	0.199	0.117	0.198	0.237	0.254	0.290	0.272	0.349	0.192	0.376
0.657	0.674	0.606	0.681	0.422	0.421	0.389	0.298	0.341	0.382	0.316	0.334	0.311	0.772	1.986	0.966	0.748	0.866	0.434	0.285	0.303	0.441	0.299	0.213	0.239	0.240	0.288	0.427	0.440	0.440	0.368	0.377	0.292	0.428	0.253	0.275	0.430	0.485	0.464	0.418	0.420	0.368	0.246	0.344	0.248	0.272	0.255	0.328	0.400	0.235	0.164	0.146	0.072	0.286	0.306	0.171	0.386	0.386	0.343	0.360	0.306	0.144	0.169	0.138	0.267	0.518	0.431	0.284	0.312	0.266	0.312	0.219	0.303	0.421	0.584	0.606	0.374	0.449	0.232	0.167	0.242	0.226	0.355	0.314	0.145	0.215	0.194	0.164	0.130	0.152	0.185	0.175	0.187	0.217	0.283	0.304	0.394	0.428	0.390	0.372	0.379	0.253	0.401	0.424	0.386	0.433	0.494	0.522	0.441	0.365	0.301	0.248	0.238	0.289	0.295	0.371	0.287	0.376	0.281	0.165	0.249	0.278	0.235	0.430	0.316	0.461	0.336	0.317	0.248	0.281	0.378	0.402	0.532	0.568	0.473	0.313	0.407
0.664	0.701	0.506	0.568	0.321	0.354	0.249	0.227	0.327	0.286	0.251	0.167	0.171	0.632	0.966	2.162	0.683	0.882	0.530	0.334	0.380	0.525	0.279	0.286	0.261	0.255	0.212	0.243	0.219	0.175	0.257	0.305	0.203	0.322	0.239	0.246	0.420	0.535	0.447	0.339	0.254	0.293	0.218	0.301	0.233	0.236	0.205	0.259	0.254	0.273	0.144	0.164	0.148	0.182	0.173	0.111	0.203	0.240	0.261	0.294	0.264	0.196	0.182	0.147	0.280	0.431	0.449	0.340	0.278	0.247	0.285	0.262	0.316	0.426	0.448	0.577	0.511	0.407	0.161	0.162	0.205	0.210	0.227	0.281	0.161	0.272	0.174	0.152	0.124	0.133	0.166	0.164	0.200	0.225	0.319	0.308	0.320	0.317	0.239	0.206	0.235	0.249	0.312	0.376	0.289	0.370	0.454	0.512	0.582	0.343	0.273	0.266	0.229	0.273	0.260	0.250	0.231	0.308	0.216	0.114	0.139	0.155	0.185	0.289	0.284	0.423	0.210	0.302	0.285	0.335	0.366	0.308	0.311	0.321	0.390	0.235	0.331
0.571	0.537	0.583	0.451	0.246	0.234	0.182	0.219	0.269	0.196	0.189	0.173	0.091	0.338	0.748	0.683	1.569	0.761	0.910	0.318	0.292	0.548	0.414	0.409	0.448	0.381	0.263	0.222	0.118	0.159	0.181	0.246	0.168	0.274	0.218	0.155	0.299	0.315	0.341	0.188	0.161	0.111	0.088	0.221	0.158	0.167	0.124	0.199	0.203	0.226	0.229	0.191	0.123	0.212	0.100	0.074	0.095	0.179	0.149	0.231	0.211	0.183	0.158	0.153	0.228	0.342	0.315	0.202	0.360	0.326	0.392	0.327	0.333	0.293	0.309	0.382	0.405	0.247	0.136	0.105	0.061	0.122	0.175	0.209	0.148	0.270	0.253	0.282	0.220	0.136	0.136	0.148	0.190	0.198	0.268	0.189	0.180	0.149	0.085	0.164	0.187	0.247	0.423	0.435	0.351	0.411	0.323	0.378	0.321	0.298	0.333	0.313	0.273	0.224	0.128	0.176	0.169	0.278	0.240	0.164	0.203	0.181	0.237	0.421	0.258	0.369	0.271	0.312	0.236	0.268	0.251	0.168	0.230	0.241	0.201	0.091	0.341
0.593	0.630	0.701	0.628	0.313	0.318	0.247	0.212	0.307	0.243	0.288	0.194	0.148	0.396	0.866	0.882	0.761	1.827	1.101	0.557	0.468	0.583	0.424	0.424	0.320	0.244	0.169	0.106	0.135	0.180	0.296	0.304	0.266	0.336	0.219	0.257	0.389	0.426	0.533	0.229	0.229	0.207	0.147	0.253	0.179	0.240	0.178	0.272	0.225	0.173	0.133	0.113	0.115	0.301	0.150	0.117	0.176	0.193	0.221	0.293	0.245	0.266	0.230	0.237	0.403	0.450	0.436	0.304	0.346	0.257	0.267	0.223	0.314	0.420	0.431	0.500	0.387	0.411	0.187	0.168	0.135	0.171	0.226	0.294	0.120	0.267	0.337	0.253	0.231	0.219	0.251	0.235	0.280	0.248	0.256	0.217	0.259	0.226	0.185	0.132	0.107	0.226	0.346	0.344	0.275	0.296	0.452	0.532	0.411	0.352	0.300	0.301	0.234	0.196	0.182	0.275	0.283	0.219	0.255	0.129	0.205	0.273	0.203	0.382	0.345	0.454	0.299	0.324	0.282	0.336	0.328	0.244	0.212	0.181	0.230	0.166	0.455
0.551	0.580	0.642	0.435	0.311	0.294	0.203	0.214	0.280	0.250	0.258	0.202	0.150	0.182	0.434	0.530	0.910	1.101	1.759	0.857	0.735	0.735	0.596	0.605	0.517	0.279	0.150	0.100	0.148	0.251	0.362	0.347	0.272	0.285	0.157	0.200	0.369	0.441	0.502	0.183	0.193	0.159	0.109	0.276	0.200	0.227	0.110	0.189	0.133	0.210	0.185	0.164	0.162	0.286	0.154	0.114	0.171	0.206	0.221	0.252	0.273	0.340	0.202	0.273	0.290	0.415	0.493	0.285	0.317	0.387	0.330	0.258	0.319	0.348	0.363	0.437	0.353	0.350	0.179	0.200	0.130	0.151	0.205	0.374	0.221	0.383	0.352	0.317	0.303	0.214	0.247	0.228	0.227	0.282	0.217	0.250	0.266	0.224	0.155	0.145	0.081	0.173	0.390	0.352	0.416	0.459	0.558	0.637	0.538	0.386	0.371	0.362	0.389	0.247	0.209	0.245	0.239	0.258	0.161	0.136	0.202	0.191	0.191	0.335	0.303	0.390	0.306	0.304	0.216	0.312	0.356	0.233	0.199	0.241	0.153	0.164	0.424
0.598	0.530	0.620	0.465	0.393	0.404	0.229	0.281	0.308	0.416	0.315	0.252	0.156	0.262	0.285	0.334	0.318	0.557	0.857	1.867	1.532	1.221	1.187	0.457	0.472	0.236	0.165	0.167	0.192	0.291	0.433	0.397	0.361	0.369	0.207	0.306	0.532	0.500	0.783	0.288	0.378	0.293	0.189	0.376	0.286	0.307	0.126	0.220	0.116	0.213	0.165	0.195	0.132	0.328	0.174	0.116	0.207	0.211	0.318	0.394	0.354	0.381	0.186	0.317	0.300	0.533	0.554	0.421	0.263	0.437	0.354	0.267	0.371	0.398	0.347	0.532	0.473	0.405	0.204	0.254	0.198	0.171	0.301	0.405	0.328	0.423	0.411	0.333	0.367	0.301	0.334	0.283	0.200	0.287	0.234	0.258	0.248	0.227	0.164	0.163	0.145	0.167	0.525	0.500	0.506	0.509	0.633	0.653	0.540	0.387	0.259	0.404	0.425	0.327	0.284	0.285	0.329	0.297	0.199	0.113	0.206	0.297	0.335	0.323	0.410	0.557	0.378	0.429	0.328	0.346	0.408	0.319	0.301	0.301	0.271	0.179	0.312
0.626	0.552	0.634	0.437	0.347	0.332	0.263	0.350	0.378	0.300	0.299	0.238	0.163	0.264	0.303	0.380	0.292	0.468	0.735	1.532	1.955	1.251	1.128	0.572	0.410	0.248	0.201	0.198	0.217	0.241	0.404	0.292	0.321	0.379	0.244	0.321	0.564	0.579	0.706	0.326	0.396	0.345	0.197	0.370	0.288	0.299	0.180	0.252	0.145	0.192	0.140	0.165	0.108	0.296	0.179	0.104	0.190	0.179	0.301	0.340	0.337	0.299	0.149	0.286	0.287	0.451	0.418	0.347	0.179	0.366	0.348	0.250	0.335	0.421	0.458	0.537	0.481	0.441	0.197	0.276	0.213	0.177	0.321	0.424	0.297	0.392	0.344	0.337	0.352	0.323	0.356	0.327	0.228	0.268	0.253	0.311	0.218	0.195	0.141	0.129	0.157	0.164	0.433	0.457	0.419	0.473	0.438	0.612	0.418	0.307	0.256	0.324	0.367	0.268	0.220	0.232	0.260	0.270	0.226	0.166	0.274	0.368	0.251	0.368	0.392	0.610	0.386	0.442	0.288	0.296	0.342	0.279	0.318	0.256	0.264	0.158	0.281
0.860	0.666	0.764	0.561	0.352	0.460	0.378	0.335	0.379	0.352	0.242	0.151	0.252	0.272	0.441	0.525	0.548	0.583	0.735	1.221	1.251	2.004	1.328	0.744	0.639	0.195	0.139	0.169	0.156	0.180	0.323	0.251	0.348	0.407	0.281	0.339	0.570	0.538	0.607	0.327	0.357	0.234	0.233	0.328	0.219	0.297	0.192	0.276	0.219	0.265	0.213	0.172	0.141	0.331	0.129	0.092	0.167	0.183	0.249	0.283	0.268	0.302	0.163	0.222	0.289	0.480	0.482	0.376	0.202	0.350	0.332	0.238	0.412	0.385	0.509	0.537	0.503	0.448	0.140	0.210	0.144	0.161	0.275	0.330	0.271	0.388	0.362	0.326	0.357	0.259	0.292	0.255	0.211	0.224	0.206	0.260	0.156	0.199	0.151	0.114	0.118	0.307	0.485	0.505	0.609	0.509	0.487	0.534	0.449	0.288	0.328	0.401	0.462	0.341	0.230	0.270	0.294	0.261	0.316	0.181	0.224	0.398	0.314	0.456	0.406	0.553	0.317	0.428	0.345	0.352	0.384	0.242	0.293	0.308	0.273	0.208	0.363
0.512	0.411	0.549	0.345	0.341	0.313	0.235	0.161	0.222	0.252	0.206	0.187	0.189	0.199	0.299	0.279	0.414	0.424	0.596	1.187	1.128	1.328	1.615	0.522	0.604	0.215	0.119	0.135	0.123	0.181	0.303	0.261	0.230	0.299	0.175	0.221	0.398	0.388	0.453	0.173	0.254	0.147	0.152	0.239	0.185	0.267	0.166	0.239	0.153	0.171	0.125	0.150	0.096	0.266	0.104	0.050	0.116	0.146	0.173	0.205	0.158	0.158	0.114	0.175	0.215	0.346	0.363	0.301	0.198	0.269	0.256	0.199	0.188	0.219	0.343	0.339	0.392	0.288	0.104	0.145	0.106	0.159	0.244	0.272	0.203	0.314	0.340	0.266	0.301	0.242	0.275	0.172	0.187	0.182	0.110	0.208	0.120	0.163	0.119	0.095	0.101	0.185	0.385	0.385	0.425	0.354	0.357	0.445	0.384	0.204	0.256	0.328	0.373	0.296	0.206	0.213	0.230	0.175	0.189	0.114	0.147	0.269	0.215	0.315	0.342	0.446	0.240	0.258	0.228	0.194	0.226	0.112	0.186	0.253	0.226	0.161	0.352
0.399	0.461	0.483	0.294	0.207	0.198	0.100	0.147	0.178	0.221	0.193	0.193	0.244	0.143	0.213	0.286	0.409	0.424	0.605	0.457	0.572	0.744	0.522	1.222	0.641	0.405	0.228	0.093	0.131	0.190	0.167	0.112	0.151	0.115	0.113	0.170	0.332	0.218	0.317	0.107	0.088	0.068	0.063	0.168	0.163	0.261	0.232	0.250	0.174	0.208	0.182	0.166	0.173	0.347	0.083	0.062	0.111	0.159	0.193	0.172	0.296	0.281	0.148	0.177	0.324	0.263	0.397	0.204	0.191	0.225	0.218	0.127	0.251	0.278	0.295	0.324	0.364	0.329	0.145	0.180	0.110	0.091	0.108	0.190	0.130	0.225	0.245	0.104	0.145	0.076	0.085	0.070	0.073	0.082	0.088	0.144	0.146	0.123	0.098	0.046	0.048	0.268	0.385	0.409	0.436	0.328	0.345	0.380	0.327	0.252	0.297	0.285	0.309	0.168	0.204	0.257	0.147	0.175	0.106	0.056	0.081	0.187	0.150	0.232	0.210	0.275	0.126	0.269	0.166	0.172	0.286	0.201	0.253	0.283	0.203	0.092	0.209
0.583	0.477	0.417	0.325	0.226	0.261	0.163	0.230	0.253	0.355	0.299	0.271	0.219	0.168	0.239	0.261	0.448	0.320	0.517	0.472	0.410	0.639	0.604	0.641	1.362	0.594	0.524	0.288	0.173	0.167	0.154	0.124	0.121	0.188	0.211	0.224	0.448	0.349	0.411	0.175	0.190	0.109	0.103	0.263	0.283	0.407	0.336	0.334	0.267	0.212	0.188	0.254	0.245	0.423	0.233	0.068	0.069	0.154	0.132	0.142	0.274	0.306	0.193	0.254	0.398	0.361	0.434	0.310	0.236	0.176	0.261	0.149	0.226	0.238	0.388	0.412	0.460	0.313	0.208	0.128	0.083	0.084	0.105	0.195	0.147	0.272	0.254	0.140	0.182	0.163	0.195	0.117	0.123	0.135	0.123	0.197	0.194	0.164	0.177	0.341	0.289	0.351	0.511	0.474	0.383	0.421	0.288	0.443	0.266	0.260	0.257	0.327	0.310	0.231	0.258	0.328	0.249	0.365	0.222	0.158	0.142	0.199	0.179	0.224	0.236	0.288	0.192	0.318	0.201	0.214	0.273	0.217	0.207	0.219	0.116	0.102	0.258
0.363	0.383	0.316	0.198	0.186	0.130	0.083	0.211	0.233	0.242	0.207	0.233	0.110	0.150	0.240	0.255	0.381	0.244	0.279	0.236	0.248	0.195	0.215	0.405	0.594	1.024	0.531	0.447	0.265	0.136	0.101	0.116	0.061	0.121	0.129	0.117	0.320	0.200	0.295	0.172	0.188	0.116	0.051	0.196	0.223	0.281	0.277	0.320	0.298	0.288	0.205	0.268	0.273	0.275	0.206	0.105	0.067	0.208	0.136	0.112	0.157	0.235	0.125	0.119	0.345	0.308	0.355	0.203	0.204	0.107	0.236	0.095	0.140	0.206	0.285	0.417	0.405	0.335	0.215	0.105	0.030	0.073	0.109	0.153	0.047	0.128	0.082	0.056	0.071	0.081	0.113	0.175	0.112	0.122	0.148	0.225	0.230	0.277	0.269	0.363	0.376	0.268	0.375	0.390	0.228	0.327	0.144	0.333	0.140	0.229	0.227	0.224	0.261	0.262	0.223	0.271	0.176	0.326	0.195	0.131	0.134	0.185	0.170	0.252	0.181	0.249	0.187	0.191	0.086	0.155	0.171	0.231	0.309	0.307	0.241	0.161	0.241
0.325	0.329	0.325	0.239	0.116	0.150	0.074	0.135	0.184	0.261	0.202	0.279	0.263	0.180	0.288	0.212	0.263	0.169	0.150	0.165	0.201	0.139	0.119	0.228	0.524	0.531	0.967	0.543	0.420	0.270	0.142	0.157	0.061	0.093	0.069	0.081	0.259	0.204	0.277	0.148	0.273	0.233	0.114	0.188	0.184	0.247	0.356	0.436	0.414	0.294	0.147	0.235	0.207	0.209	0.247	0.168	0.078	0.323	0.192	0.159	0.205	0.200	0.100	0.109	0.321	0.304	0.279	0.155	0.223	0.150	0.170	0.159	0.163	0.191	0.261	0.379	0.415	0.326	0.222	0.170	0.085	0.130	0.194	0.210	0.082	0.236	0.138	0.056	0.061	0.062	0.095	0.156	0.147	0.103	0.191	0.238	0.264	0.386	0.411	0.330	0.464	0.320	0.351	0.493	0.257	0.384	0.225	0.314	0.147	0.220	0.148	0.163	0.158	0.222	0.267	0.392	0.175	0.241	0.077	0.049	0.063	0.075	0.134	0.164	0.140	0.210	0.152	0.187	0.104	0.085	0.175	0.260	0.402	0.368	0.286	0.255	0.229
0.354	0.344	0.358	0.235	0.198	0.235	0.143	0.186	0.202	0.321	0.290	0.400	0.327	0.167	0.427	0.243	0.222	0.106	0.100	0.167	0.198	0.169	0.135	0.093	0.288	0.447	0.543	1.140	0.716	0.512	0.316	0.167	0.069	0.203	0.170	0.155	0.325	0.293	0.277	0.368	0.490	0.373	0.189	0.337	0.188	0.266	0.432	0.429	0.429	0.261	0.068	0.139	0.133	0.117	0.307	0.187	0.175	0.402	0.229	0.270	0.216	0.071	0.111	0.135	0.167	0.297	0.238	0.127	0.103	0.109	0.299	0.172	0.206	0.259	0.312	0.451	0.425	0.393	0.282	0.124	0.130	0.161	0.235	0.240	0.101	0.266	0.122	0.065	0.077	0.077	0.100	0.140	0.099	0.112	0.128	0.284	0.290	0.384	0.473	0.375	0.556	0.302	0.354	0.464	0.323	0.466	0.259	0.331	0.237	0.251	0.088	0.153	0.246	0.285	0.334	0.406	0.214	0.284	0.237	0.138	0.143	0.171	0.244	0.236	0.224	0.255	0.245	0.189	0.110	0.107	0.184	0.300	0.416	0.382	0.271	0.292	0.203
0.417	0.368	0.398	0.250	0.232	0.209	0.139	0.245	0.282	0.288	0.375	0.318	0.367	0.142	0.440	0.219	0.118	0.135	0.148	0.192	0.217	0.156	0.123	0.131	0.173	0.265	0.420	0.716	1.196	0.774	0.580	0.376	0.121	0.190	0.108	0.138	0.308	0.346	0.417	0.320	0.450	0.373	0.181	0.291	0.272	0.327	0.379	0.405	0.360	0.260	0.057	0.109	0.125	0.205	0.285	0.184	0.371	0.442	0.307	0.311	0.272	0.184	0.094	0.055	0.170	0.382	0.304	0.089	0.159	0.128	0.251	0.285	0.218	0.256	0.231	0.432	0.324	0.351	0.186	0.238	0.204	0.209	0.330	0.311	0.145	0.290	0.103	0.156	0.172	0.092	0.116	0.155	0.064	0.141	0.128	0.441	0.571	0.554	0.728	0.389	0.412	0.314	0.378	0.455	0.377	0.391	0.294	0.340	0.315	0.360	0.226	0.123	0.246	0.207	0.285	0.417	0.228	0.307	0.167	0.059	0.143	0.166	0.263	0.188	0.248	0.359	0.225	0.257	0.229	0.130	0.222	0.332	0.481	0.423	0.436	0.403	0.273
0.405	0.364	0.478	0.346	0.314	0.255	0.172	0.249	0.272	0.398	0.528	0.488	0.427	0.205	0.440	0.175	0.159	0.180	0.251	0.291	0.241	0.180	0.181	0.190	0.167	0.136	0.270	0.512	0.774	1.272	0.941	0.686	0.403	0.258	0.086	0.124	0.242	0.364	0.385	0.290	0.331	0.298	0.179	0.409	0.415	0.402	0.298	0.283	0.295	0.126	0.085	0.098	0.089	0.272	0.257	0.174	0.423	0.488	0.423	0.439	0.327	0.140	0.083	0.185	0.243	0.518	0.360	0.242	0.281	0.307	0.250	0.265	0.184	0.194	0.228	0.382	0.312	0.305	0.144	0.174	0.205	0.326	0.608	0.557	0.274	0.408	0.271	0.263	0.330	0.147	0.170	0.155	0.091	0.310	0.330	0.594	0.677	0.620	0.595	0.228	0.209	0.193	0.392	0.389	0.296	0.308	0.307	0.361	0.346	0.227	0.147	0.119	0.163	0.162	0.337	0.430	0.378	0.405	0.232	0.150	0.199	0.204	0.320	0.367	0.348	0.392	0.249	0.295	0.292	0.230	0.434	0.532	0.611	0.474	0.393	0.218	0.128
0.451	0.498	0.510	0.385	0.416	0.309	0.289	0.396	0.540	0.522	0.564	0.411	0.330	0.226	0.368	0.257	0.181	0.296	0.362	0.433	0.404	0.323	0.303	0.167	0.154	0.101	0.142	0.316	0.580	0.941	1.576	1.133	0.538	0.614	0.135	0.172	0.365	0.508	0.530	0.385	0.391	0.327	0.209	0.440	0.437	0.446	0.229	0.261	0.229	0.136	0.068	0.092	0.050	0.346	0.270	0.198	0.507	0.381	0.555	0.604	0.332	0.249	0.124	0.216	0.229	0.587	0.502	0.342	0.320	0.325	0.260	0.373	0.275	0.280	0.359	0.302	0.307	0.396	0.180	0.300	0.313	0.396	0.692	0.600	0.290	0.391	0.268	0.359	0.410	0.175	0.231	0.219	0.151	0.539	0.625	0.703	0.886	0.608	0.476	0.310	0.114	0.193	0.357	0.352	0.288	0.340	0.375	0.403	0.360	0.281	0.168	0.194	0.196	0.199	0.334	0.406	0.496	0.483	0.294	0.179	0.225	0.243	0.351	0.378	0.358	0.454	0.243	0.394	0.392	0.368	0.498	0.547	0.484	0.363	0.379	0.156	0.128
0.573	0.665	0.632	0.510	0.329	0.310	0.338	0.544	0.725	0.677	0.556	0.438	0.194	0.197	0.377	0.305	0.246	0.304	0.347	0.397	0.292	0.251	0.261	0.112	0.124	0.116	0.157	0.167	0.376	0.686	1.133	1.665	0.873	0.872	0.347	0.185	0.389	0.456	0.599	0.436	0.422	0.311	0.339	0.594	0.557	0.507	0.215	0.227	0.241	0.311	0.212	0.245	0.108	0.293	0.220	0.177	0.448	0.300	0.434	0.511	0.296	0.185	0.136	0.173	0.293	0.566	0.595	0.450	0.445	0.503	0.334	0.481	0.278	0.387	0.441	0.389	0.426	0.416	0.212	0.341	0.349	0.359	0.672	0.619	0.348	0.402	0.212	0.288	0.373	0.301	0.357	0.347	0.250	0.695	0.620	0.574	0.868	0.596	0.394	0.276	0.132	0.207	0.446	0.504	0.418	0.407	0.498	0.499	0.398	0.294	0.115	0.196	0.167	0.192	0.282	0.415	0.503	0.597	0.397	0.183	0.235	0.219	0.259	0.460	0.342	0.376	0.318	0.472	0.452	0.505	0.619	0.642	0.465	0.398	0.316	0.151	0.150
0.481	0.560	0.504	0.358	0.151	0.263	0.292	0.542	0.523	0.488	0.421	0.173	0.185	0.162	0.292	0.203	0.168	0.266	0.272	0.361	0.321	0.348	0.230	0.151	0.121	0.061	0.061	0.069	0.121	0.403	0.538	0.873	1.312	0.860	0.523	0.352	0.371	0.404	0.423	0.255	0.168	0.173	0.247	0.543	0.449	0.312	0.086	0.161	0.193	0.269	0.210	0.233	0.098	0.247	0.197	0.174	0.210	0.135	0.376	0.409	0.321	0.205	0.094	0.126	0.225	0.354	0.365	0.283	0.182	0.377	0.261	0.245	0.200	0.237	0.308	0.369	0.263	0.433	0.169	0.191	0.226	0.138	0.336	0.360	0.265	0.275	0.142	0.174	0.284	0.248	0.304	0.289	0.206	0.591	0.394	0.281	0.349	0.145	0.074	0.065	0.051	0.098	0.315	0.303	0.337	0.279	0.287	0.298	0.276	0.169	0.118	0.211	0.179	0.147	0.184	0.255	0.351	0.467	0.433	0.196	0.228	0.163	0.102	0.250	0.148	0.245	0.232	0.318	0.351	0.465	0.505	0.430	0.309	0.259	0.190	0.098	0.059
0.528	0.564	0.547	0.398	0.259	0.443	0.589	0.610	0.716	0.719	0.358	0.296	0.182	0.225	0.428	0.322	0.274	0.336	0.285	0.369	0.379	0.407	0.299	0.115	0.188	0.121	0.093	0.203	0.190	0.258	0.614	0.872	0.860	1.542	0.586	0.524	0.520	0.460	0.457	0.449	0.408	0.273	0.275	0.475	0.311	0.362	0.241	0.165	0.278	0.315	0.217	0.239	0.099	0.270	0.197	0.186	0.281	0.221	0.458	0.426	0.313	0.260	0.164	0.107	0.276	0.375	0.458	0.303	0.320	0.342	0.328	0.396	0.293	0.403	0.464	0.418	0.327	0.437	0.183	0.275	0.298	0.312	0.406	0.394	0.214	0.267	0.182	0.220	0.271	0.305	0.337	0.355	0.305	0.548	0.497	0.465	0.443	0.325	0.183	0.182	0.150	0.163	0.406	0.417	0.485	0.376	0.302	0.345	0.286	0.210	0.145	0.243	0.161	0.164	0.259	0.277	0.414	0.506	0.408	0.325	0.386	0.358	0.221	0.398	0.290	0.376	0.278	0.326	0.296	0.429	0.398	0.428	0.365	0.295	0.222	0.168	0.218
0.413	0.516	0.518	0.273	0.191	0.310	0.288	0.393	0.425	0.370	0.292	0.131	0.103	0.121	0.253	0.239	0.218	0.219	0.157	0.207	0.244	0.281	0.175	0.113	0.211	0.129	0.069	0.170	0.108	0.086	0.135	0.347	0.523	0.586	1.268	1.012	0.945	0.828	0.686	0.303	0.309	0.127	0.217	0.380	0.276	0.229	0.127	0.110	0.160	0.185	0.155	0.145	0.035	0.108	0.140	0.097	0.131	0.131	0.141	0.268	0.345	0.186	0.207	0.056	0.210	0.255	0.220	0.226	0.200	0.177	0.271	0.173	0.215	0.302	0.291	0.295	0.286	0.269	0.145	0.132	0.093	0.041	0.141	0.185	0.203	0.213	0.084	0.101	0.183	0.452	0.485	0.463	0.568	0.275	0.266	0.193	0.103	0.075	0.075	0.124	0.118	0.092	0.222	0.280	0.379	0.285	0.184	0.264	0.273	0.124	0.131	0.101	0.102	0.083	0.141	0.109	0.184	0.409	0.390	0.263	0.277	0.231	0.216	0.299	0.243	0.301	0.276	0.444	0.266	0.361	0.248	0.197	0.202	0.172	0.129	0.098	0.100
0.518	0.617	0.514	0.358	0.408	0.514	0.418	0.361	0.343	0.391	0.173	0.115	0.157	0.132	0.275	0.246	0.155	0.257	0.200	0.306	0.321	0.339	0.221	0.170	0.224	0.117	0.081	0.155	0.138	0.124	0.172	0.185	0.352	0.524	1.012	1.446	1.075	1.006	0.808	0.346	0.401	0.239	0.165	0.304	0.191	0.261	0.196	0.129	0.103	0.078	0.058	0.066	0.042	0.155	0.150	0.140	0.190	0.177	0.219	0.243	0.274	0.233	0.138	0.072	0.205	0.269	0.323	0.244	0.189	0.161	0.213	0.094	0.189	0.311	0.390	0.373	0.262	0.215	0.137	0.137	0.148	0.084	0.130	0.249	0.192	0.183	0.196	0.109	0.253	0.435	0.467	0.502	0.549	0.324	0.243	0.239	0.139	0.109	0.088	0.110	0.104	0.145	0.229	0.180	0.298	0.217	0.178	0.324	0.304	0.191	0.163	0.133	0.125	0.104	0.159	0.121	0.254	0.329	0.266	0.313	0.298	0.322	0.298	0.345	0.403	0.357	0.296	0.381	0.159	0.304	0.230	0.131	0.224	0.210	0.185	0.152	0.125
0.813	0.844	0.700	0.508	0.442	0.549	0.336	0.443	0.490	0.531	0.383	0.273	0.283	0.251	0.430	0.420	0.299	0.389	0.369	0.532	0.564	0.570	0.398	0.332	0.448	0.320	0.259	0.325	0.308	0.242	0.365	0.389	0.371	0.520	0.945	1.075	2.417	1.435	1.611	0.603	0.479	0.322	0.301	0.464	0.379	0.412	0.269	0.244	0.233	0.247	0.154	0.228	0.150	0.213	0.272	0.109	0.260	0.190	0.259	0.420	0.459	0.300	0.246	0.186	0.274	0.459	0.396	0.411	0.298	0.294	0.415	0.266	0.335	0.448	0.622	0.622	0.501	0.406	0.214	0.305	0.292	0.199	0.402	0.440	0.311	0.443	0.217	0.161	0.333	0.519	0.552	0.582	0.554	0.299	0.292	0.376	0.313	0.291	0.255	0.248	0.282	0.263	0.447	0.444	0.583	0.406	0.410	0.516	0.453	0.317	0.245	0.246	0.259	0.251	0.329	0.297	0.384	0.472	0.373	0.252	0.326	0.397	0.404	0.481	0.435	0.433	0.369	0.476	0.290	0.433	0.402	0.362	0.413	0.358	0.350	0.243	0.207
0.787	0.805	0.685	0.551	0.378	0.405	0.341	0.373	0.439	0.467	0.458	0.273	0.264	0.372	0.485	0.535	0.315	0.426	0.441	0.500	0.579	0.538	0.388	0.218	0.349	0.200	0.204	0.293	0.346	0.364	0.508	0.456	0.404	0.460	0.828	1.006	1.435	2.333	1.373	0.754	0.552	0.401	0.334	0.556	0.420	0.480	0.302	0.180	0.167	0.232	0.182	0.205	0.173	0.273	0.248	0.178	0.340	0.248	0.302	0.406	0.482	0.299	0.250	0.227	0.357	0.510	0.490	0.424	0.378	0.299	0.370	0.240	0.332	0.407	0.522	0.727	0.550	0.462	0.229	0.212	0.245	0.225	0.395	0.412	0.289	0.336	0.225	0.277	0.522	0.480	0.513	0.585	0.524	0.464	0.295	0.411	0.343	0.273	0.250	0.193	0.202	0.228	0.490	0.434	0.473	0.381	0.372	0.506	0.477	0.379	0.252	0.258	0.244	0.230	0.285	0.291	0.353	0.434	0.344	0.288	0.341	0.388	0.387	0.521	0.379	0.481	0.325	0.652	0.293	0.468	0.372	0.248	0.312	0.274	0.297	0.212	0.300
0.807	0.870	0.731	0.528	0.471	0.594	0.414	0.370	0.434	0.536	0.430	0.251	0.277	0.200	0.464	0.447	0.341	0.533	0.502	0.783	0.706	0.607	0.453	0.317	0.411	0.295	0.277	0.277	0.417	0.385	0.530	0.599	0.423	0.457	0.686	0.808	1.611	1.373	2.465	0.780	0.644	0.386	0.360	0.526	0.506	0.442	0.304	0.203	0.163	0.241	0.216	0.258	0.183	0.269	0.267	0.187	0.304	0.430	0.489	0.526	0.466	0.429	0.261	0.253	0.460	0.668	0.712	0.474	0.412	0.310	0.390	0.280	0.343	0.418	0.551	0.654	0.608	0.499	0.222	0.297	0.301	0.260	0.620	0.664	0.477	0.544	0.334	0.371	0.504	0.510	0.542	0.569	0.503	0.372	0.386	0.522	0.395	0.433	0.288	0.167	0.164	0.206	0.412	0.512	0.523	0.503	0.493	0.622	0.576	0.426	0.308	0.342	0.307	0.220	0.311	0.301	0.345	0.448	0.362	0.236	0.270	0.348	0.373	0.381	0.402	0.529	0.393	0.618	0.409	0.499	0.513	0.336	0.430	0.321	0.351	0.190	0.254
0.641	0.537	0.551	0.445	0.498	0.427	0.390	0.400	0.418	0.531	0.382	0.230	0.209	0.244	0.418	0.339	0.188	0.229	0.183	0.288	0.326	0.327	0.173	0.107	0.175	0.172	0.148	0.368	0.320	0.290	0.385	0.436	0.255	0.449	0.303	0.346	0.603	0.754	0.780	1.463	0.976	0.766	0.652	0.594	0.435	0.315	0.273	0.152	0.211	0.226	0.108	0.122	0.088	0.198	0.228	0.199	0.355	0.287	0.264	0.238	0.273	0.207	0.166	0.207	0.315	0.461	0.471	0.373	0.267	0.147	0.319	0.245	0.281	0.379	0.503	0.513	0.421	0.463	0.157	0.276	0.234	0.280	0.477	0.453	0.224	0.223	0.123	0.184	0.388	0.273	0.306	0.373	0.226	0.260	0.271	0.335	0.330	0.394	0.307	0.256	0.220	0.171	0.277	0.319	0.346	0.452	0.302	0.429	0.262	0.231	0.117	0.210	0.175	0.166	0.288	0.251	0.215	0.326	0.354	0.347	0.444	0.480	0.409	0.355	0.484	0.455	0.385	0.473	0.249	0.240	0.323	0.244	0.320	0.207	0.254	0.172	0.269
0.585	0.506	0.581	0.394	0.508	0.511	0.453	0.443	0.365	0.513	0.335	0.262	0.191	0.223	0.420	0.254	0.161	0.229	0.193	0.378	0.396	0.357	0.254	0.088	0.190	0.188	0.273	0.490	0.450	0.331	0.391	0.422	0.168	0.408	0.309	0.401	0.479	0.552	0.644	0.976	1.398	0.812	0.650	0.604	0.263	0.269	0.269	0.190	0.269	0.200	0.068	0.082	0.055	0.152	0.172	0.117	0.314	0.314	0.353	0.307	0.194	0.161	0.158	0.157	0.238	0.518	0.494	0.304	0.267	0.138	0.231	0.225	0.274	0.371	0.386	0.519	0.426	0.449	0.203	0.206	0.153	0.216	0.474	0.444	0.217	0.246	0.077	0.089	0.147	0.227	0.259	0.243	0.198	0.186	0.296	0.321	0.364	0.454	0.335	0.266	0.310	0.191	0.309	0.385	0.371	0.423	0.359	0.396	0.236	0.210	0.118	0.192	0.142	0.172	0.247	0.260	0.185	0.268	0.192	0.252	0.346	0.344	0.423	0.361	0.421	0.461	0.366	0.342	0.159	0.128	0.241	0.255	0.340	0.261	0.287	0.238	0.201
0.481	0.401	0.438	0.344	0.450	0.450	0.357	0.356	0.275	0.488	0.349	0.191	0.246	0.219	0.368	0.293	0.111	0.207	0.159	0.293	0.345	0.234	0.147	0.068	0.109	0.116	0.233	0.373	0.373	0.298	0.327	0.311	0.173	0.273	0.127	0.239	0.322	0.401	0.386	0.766	0.812	1.179	0.680	0.532	0.245	0.201	0.251	0.262	0.318	0.212	0.062	0.068	0.039	0.163	0.178	0.189	0.345	0.298	0.236	0.180	0.213	0.198	0.155	0.227	0.289	0.384	0.426	0.272	0.194	0.139	0.153	0.178	0.177	0.252	0.274	0.374	0.350	0.336	0.146	0.237	0.178	0.241	0.351	0.340	0.202	0.272	0.128	0.267	0.238	0.122	0.130	0.160	0.059	0.221	0.228	0.238	0.297	0.440	0.375	0.240	0.242	0.179	0.245	0.333	0.286	0.348	0.299	0.369	0.274	0.231	0.093	0.214	0.163	0.196	0.316	0.323	0.216	0.287	0.244	0.197	0.357	0.217	0.237	0.258	0.344	0.426	0.321	0.412	0.271	0.165	0.241	0.209	0.339	0.250	0.246	0.276	0.189
0.389	0.339	0.402	0.366	0.345	0.307	0.284	0.285	0.322	0.467	0.346	0.126	0.191	0.169	0.246	0.218	0.088	0.147	0.109	0.189	0.197	0.233	0.152	0.063	0.103	0.051	0.114	0.189	0.181	0.179	0.209	0.339	0.247	0.275	0.217	0.165	0.301	0.334	0.360	0.652	0.650	0.680	1.011	0.520	0.312	0.178	0.112	0.144	0.262	0.238	0.076	0.090	0.036	0.127	0.099	0.141	0.264	0.218	0.192	0.122	0.238	0.139	0.167	0.176	0.177	0.288	0.304	0.222	0.167	0.112	0.140	0.143	0.145	0.255	0.219	0.240	0.360	0.363	0.148	0.265	0.208	0.216	0.393	0.381	0.204	0.222	0.104	0.108	0.148	0.147	0.179	0.152	0.178	0.300	0.273	0.231	0.237	0.304	0.248	0.173	0.153	0.160	0.196	0.291	0.280	0.305	0.248	0.278	0.139	0.144	0.052	0.154	0.127	0.161	0.267	0.219	0.210	0.391	0.287	0.102	0.128	0.104	0.162	0.187	0.262	0.215	0.182	0.353	0.232	0.176	0.208	0.202	0.241	0.161	0.179	0.154	0.127
0.600	0.507	0.569	0.430	0.326	0.378	0.295	0.430	0.509	0.582	0.595	0.333	0.256	0.295	0.344	0.301	0.221	0.253	0.276	0.376	0.370	0.328	0.239	0.168	0.263	0.196	0.188	0.337	0.291	0.409	0.440	0.594	0.543	0.475	0.380	0.304	0.464	0.556	0.526	0.594	0.604	0.532	0.520	1.797	0.933	0.923	0.499	0.228	0.326	0.319	0.163	0.222	0.106	0.362	0.435	0.325	0.338	0.285	0.240	0.280	0.248	0.142	0.178	0.222	0.440	0.495	0.395	0.333	0.192	0.374	0.419	0.333	0.424	0.459	0.466	0.611	0.398	0.577	0.336	0.408	0.361	0.313	0.537	0.633	0.321	0.328	0.210	0.244	0.331	0.279	0.335	0.345	0.275	0.629	0.483	0.528	0.421	0.371	0.300	0.224	0.215	0.242	0.409	0.528	0.463	0.438	0.309	0.534	0.261	0.294	0.101	0.179	0.168	0.178	0.267	0.360	0.569	0.757	0.578	0.294	0.255	0.223	0.220	0.291	0.367	0.298	0.395	0.567	0.436	0.521	0.432	0.408	0.305	0.186	0.200	0.193	0.193
0.523	0.540	0.510	0.456	0.324	0.268	0.182	0.291	0.603	0.650	0.573	0.448	0.237	0.208	0.248	0.233	0.158	0.179	0.200	0.286	0.288	0.219	0.185	0.163	0.283	0.223	0.184	0.188	0.272	0.415	0.437	0.557	0.449	0.311	0.276	0.191	0.379	0.420	0.506	0.435	0.263	0.245	0.312	0.933	1.429	1.129	0.613	0.334	0.183	0.147	0.120	0.144	0.091	0.319	0.322	0.367	0.416	0.301	0.254	0.199	0.304	0.201	0.179	0.251	0.436	0.448	0.436	0.432	0.256	0.277	0.296	0.295	0.374	0.449	0.540	0.461	0.354	0.505	0.153	0.484	0.254	0.233	0.491	0.491	0.248	0.302	0.145	0.175	0.311	0.216	0.272	0.330	0.247	0.592	0.488	0.636	0.506	0.360	0.297	0.205	0.123	0.110	0.287	0.397	0.314	0.361	0.186	0.352	0.243	0.154	0.072	0.142	0.099	0.089	0.284	0.418	0.567	0.782	0.489	0.361	0.233	0.179	0.192	0.196	0.283	0.275	0.332	0.572	0.401	0.568	0.416	0.348	0.333	0.178	0.094	0.056	0.141
0.608	0.611	0.561	0.500	0.417	0.358	0.279	0.339	0.670	0.664	0.669	0.536	0.350	0.302	0.272	0.236	0.167	0.240	0.227	0.307	0.299	0.297	0.267	0.261	0.407	0.281	0.247	0.266	0.327	0.402	0.446	0.507	0.312	0.362	0.229	0.261	0.412	0.480	0.442	0.315	0.269	0.201	0.178	0.923	1.129	1.663	0.933	0.550	0.464	0.276	0.134	0.234	0.185	0.422	0.378	0.313	0.309	0.299	0.206	0.205	0.234	0.192	0.220	0.228	0.508	0.513	0.425	0.410	0.288	0.276	0.336	0.304	0.446	0.487	0.615	0.547	0.417	0.514	0.328	0.477	0.323	0.256	0.466	0.602	0.259	0.287	0.229	0.204	0.317	0.133	0.189	0.255	0.203	0.555	0.467	0.624	0.504	0.324	0.337	0.285	0.237	0.274	0.494	0.473	0.464	0.411	0.263	0.422	0.294	0.284	0.141	0.133	0.182	0.147	0.304	0.526	0.731	0.847	0.553	0.388	0.189	0.192	0.256	0.281	0.330	0.271	0.460	0.568	0.435	0.578	0.401	0.376	0.370	0.239	0.176	0.200	0.203
0.400	0.401	0.378	0.248	0.288	0.208	0.126	0.163	0.378	0.434	0.499	0.394	0.380	0.171	0.255	0.205	0.124	0.178	0.110	0.126	0.180	0.192	0.166	0.232	0.336	0.277	0.356	0.432	0.379	0.298	0.229	0.215	0.086	0.241	0.127	0.196	0.269	0.302	0.304	0.273	0.269	0.251	0.112	0.499	0.613	0.933	1.272	0.749	0.649	0.287	0.102	0.156	0.157	0.214	0.255	0.217	0.149	0.288	0.201	0.148	0.267	0.234	0.219	0.195	0.327	0.334	0.304	0.169	0.170	0.152	0.333	0.248	0.323	0.367	0.554	0.537	0.338	0.454	0.281	0.366	0.237	0.117	0.217	0.268	0.152	0.200	0.162	0.158	0.175	0.086	0.109	0.146	0.118	0.239	0.259	0.359	0.255	0.260	0.312	0.278	0.353	0.273	0.381	0.328	0.308	0.307	0.188	0.345	0.262	0.254	0.128	0.154	0.119	0.179	0.354	0.635	0.425	0.414	0.308	0.152	0.186	0.189	0.227	0.237	0.274	0.207	0.166	0.315	0.175	0.229	0.241	0.268	0.402	0.304	0.153	0.226	0.186
0.484	0.487	0.516	0.360	0.325	0.196	0.131	0.268	0.436	0.309	0.478	0.308	0.390	0.181	0.328	0.259	0.199	0.272	0.189	0.220	0.252	0.276	0.239	0.250	0.334	0.320	0.436	0.429	0.405	0.283	0.261	0.227	0.161	0.165	0.110	0.129	0.244	0.180	0.203	0.152	0.190	0.262	0.144	0.228	0.334	0.550	0.749	1.203	0.738	0.374	0.157	0.193	0.165	0.271	0.277	0.228	0.181	0.268	0.140	0.133	0.272	0.259	0.200	0.209	0.246	0.271	0.317	0.191	0.198	0.182	0.279	0.313	0.350	0.323	0.464	0.534	0.462	0.523	0.425	0.384	0.201	0.093	0.165	0.257	0.179	0.247	0.228	0.148	0.120	0.060	0.060	0.066	0.058	0.265	0.229	0.271	0.256	0.322	0.399	0.349	0.393	0.308	0.351	0.348	0.294	0.295	0.268	0.327	0.279	0.253	0.170	0.177	0.181	0.219	0.362	0.703	0.482	0.480	0.376	0.051	0.159	0.212	0.190	0.335	0.268	0.266	0.297	0.316	0.346	0.254	0.265	0.307	0.495	0.374	0.183	0.290	0.305
