3.229	2.271	1.835	1.639	0.765	0.953	0.614	0.765	0.953	0.817	0.778	0.663	0.467	0.596	0.851	0.921	0.528	0.694	0.584	0.707	0.663	0.778	0.551	0.467	0.595	0.448	0.441	0.593	0.790	0.692	0.665	0.750	0.479	0.500	0.456	0.507	1.061	1.052	1.023	0.880	0.648	0.635	0.541	0.894	0.714	0.898	0.630	0.518	0.560	0.502	0.263	0.356	0.292	0.466	0.706	0.440	0.625	0.744	0.565	0.628	0.587	0.735	0.462	0.462	0.796	1.015	1.130	0.788	0.755	0.611	0.664	0.523	0.632	0.920	0.941	1.220	1.060	1.114	0.444	0.619	0.578	0.516	0.651	0.746	0.351	0.654	0.454	0.563	0.682	0.299	0.299	0.425	0.383	0.627	0.435	0.788	0.796	0.612	0.680	0.548	0.547	0.572	0.795	0.841	0.739	0.819	0.769	1.237	0.814	0.955	0.511	0.369	0.454	0.408	0.493	0.779	0.745	0.920	0.623	0.521	0.631	0.749	0.699	0.745	0.752	1.059	0.759	1.013	0.604	0.714	0.563	0.526	0.555	0.610	0.599	0.488	0.599
2.271	3.317	1.828	1.588	1.153	0.966	0.527	0.792	1.054	0.795	0.745	0.604	0.487	0.515	0.923	0.908	0.524	0.741	0.573	0.714	0.624	0.671	0.473	0.570	0.478	0.518	0.536	0.565	0.739	0.627	0.533	0.708	0.542	0.469	0.515	0.587	1.135	0.993	1.141	0.635	0.559	0.570	0.442	0.831	0.727	0.850	0.570	0.488	0.556	0.550	0.355	0.457	0.393	0.380	0.524	0.343	0.496	0.638	0.497	0.559	0.538	0.647	0.486	0.371	0.716	0.918	1.154	0.858	0.720	0.685	0.550	0.407	0.651	0.756	0.817	1.215	1.090	1.145	0.352	0.531	0.466	0.420	0.594	0.780	0.420	0.847	0.413	0.557	0.706	0.444	0.444	0.635	0.575	0.516	0.451	0.682	0.691	0.535	0.682	0.610	0.625	0.599	0.928	0.928	0.783	0.881	1.047	1.337	1.039	1.015	0.637	0.515	0.407	0.375	0.497	0.804	0.836	0.971	0.590	0.523	0.654	0.556	0.689	0.869	0.788	1.055	0.856	0.941	0.602	0.724	0.547	0.516	0.548	0.586	0.602	0.547	0.818
1.835	1.828	3.094	1.601	1.216	1.049	0.684	0.650	0.935	0.761	0.734	0.590	0.580	0.430	0.880	0.742	0.655	0.859	0.703	0.817	0.796	0.820	0.511	0.498	0.365	0.348	0.472	0.618	0.731	0.731	0.641	0.717	0.453	0.502	0.583	0.387	0.905	0.949	1.092	0.746	0.639	0.547	0.651	0.870	0.655	0.711	0.515	0.552	0.710	0.658	0.387	0.451	0.387	0.441	0.628	0.342	0.508	0.686	0.581	0.645	0.527	0.502	0.457	0.291	0.652	0.807	0.800	0.691	0.663	0.552	0.641	0.399	0.456	0.637	0.731	1.160	1.117	0.884	0.438	0.522	0.412	0.406	0.761	0.808	0.432	0.734	0.382	0.365	0.543	0.363	0.363	0.442	0.499	0.501	0.459	0.826	0.735	0.635	0.711	0.618	0.574	0.579	0.861	0.817	0.860	0.727	0.746	1.120	0.941	0.922	0.517	0.406	0.422	0.454	0.520	0.787	0.631	0.742	0.576	0.391	0.646	0.855	0.830	0.823	0.787	0.893	0.830	1.148	0.600	0.693	0.507	0.588	0.699	0.745	0.628	0.616	0.726
1.639	1.588	1.601	2.648	0.898	1.332	0.595	0.440	0.804	0.827	0.731	0.489	0.590	0.556	0.870	0.721	0.453	0.782	0.575	0.634	0.546	0.646	0.390	0.426	0.464	0.252	0.397	0.447	0.502	0.732	0.651	0.761	0.574	0.458	0.387	0.419	0.795	0.897	0.809	0.664	0.566	0.543	0.523	0.782	0.654	0.684	0.347	0.392	0.407	0.319	0.138	0.195	0.242	0.403	0.680	0.551	0.582	0.782	0.595	0.540	0.399	0.534	0.350	0.522	0.574	0.836	1.025	0.995	0.810	0.732	0.461	0.216	0.374	0.581	0.660	0.906	0.878	0.673	0.248	0.298	0.349	0.387	0.673	0.767	0.431	0.633	0.495	0.480	0.668	0.269	0.269	0.460	0.353	0.628	0.495	0.642	0.660	0.659	0.597	0.510	0.456	0.436	0.622	0.608	0.561	0.622	0.589	0.926	0.894	0.706	0.379	0.192	0.416	0.459	0.616	0.765	0.744	0.690	0.410	0.484	0.583	0.729	0.662	0.650	0.722	0.741	0.765	1.026	0.576	0.569	0.576	0.472	0.694	0.623	0.598	0.453	0.595
0.765	1.153	1.216	0.898	1.896	0.870	0.671	0.493	0.334	0.498	0.521	0.265	0.374	0.292	0.465	0.388	0.260	0.224	0.338	0.568	0.384	0.316	0.348	0.202	0.248	0.192	0.173	0.312	0.349	0.526	0.521	0.475	0.314	0.377	0.268	0.262	0.392	0.477	0.563	0.624	0.560	0.485	0.438	0.635	0.386	0.425	0.201	0.249	0.283	0.203	0.097	0.207	0.143	0.290	0.324	0.292	0.426	0.498	0.485	0.404	0.219	0.388	0.250	0.316	0.278	0.471	0.706	0.551	0.469	0.460	0.282	0.158	0.246	0.297	0.367	0.527	0.498	0.350	0.231	0.237	0.248	0.331	0.467	0.608	0.405	0.556	0.392	0.377	0.509	0.230	0.230	0.259	0.256	0.417	0.353	0.515	0.435	0.388	0.395	0.421	0.296	0.285	0.412	0.374	0.287	0.380	0.571	0.741	0.559	0.609	0.273	0.236	0.192	0.148	0.311	0.435	0.483	0.569	0.409	0.473	0.621	0.544	0.593	0.458	0.795	0.614	0.593	0.701	0.517	0.538	0.335	0.334	0.467	0.398	0.409	0.349	0.399
0.953	0.966	1.049	1.332	0.870	1.896	0.874	0.588	0.605	0.521	0.506	0.340	0.320	0.269	0.586	0.487	0.292	0.359	0.383	0.557	0.458	0.513	0.399	0.251	0.274	0.175	0.217	0.444	0.388	0.518	0.565	0.566	0.350	0.584	0.358	0.407	0.569	0.534	0.729	0.652	0.587	0.547	0.424	0.655	0.454	0.429	0.217	0.240	0.282	0.173	0.115	0.130	0.130	0.250	0.420	0.294	0.458	0.629	0.552	0.465	0.287	0.358	0.223	0.306	0.275	0.473	0.751	0.527	0.427	0.403	0.425	0.198	0.390	0.358	0.466	0.595	0.605	0.527	0.306	0.262	0.397	0.463	0.456	0.605	0.454	0.727	0.528	0.466	0.530	0.268	0.268	0.278	0.306	0.413	0.334	0.526	0.547	0.587	0.404	0.410	0.261	0.199	0.351	0.331	0.295	0.688	0.590	0.689	0.679	0.602	0.239	0.256	0.154	0.151	0.330	0.421	0.443	0.534	0.457	0.559	0.664	0.548	0.651	0.469	0.704	0.668	0.688	0.667	0.517	0.385	0.361	0.256	0.472	0.433	0.391	0.305	0.302
0.614	0.527	0.684	0.595	0.671	0.874	1.399	0.855	0.786	0.573	0.447	0.290	0.233	0.292	0.573	0.427	0.285	0.317	0.344	0.413	0.335	0.318	0.254	0.165	0.156	0.108	0.104	0.320	0.324	0.431	0.546	0.646	0.375	0.711	0.294	0.279	0.283	0.350	0.473	0.480	0.416	0.349	0.320	0.462	0.272	0.357	0.133	0.108	0.326	0.174	0.055	0.119	0.059	0.203	0.208	0.163	0.468	0.581	0.543	0.415	0.189	0.253	0.152	0.139	0.220	0.472	0.644	0.449	0.442	0.340	0.309	0.209	0.263	0.400	0.335	0.302	0.462	0.477	0.221	0.251	0.353	0.387	0.471	0.627	0.276	0.448	0.369	0.326	0.294	0.125	0.125	0.165	0.134	0.265	0.362	0.497	0.552	0.555	0.320	0.413	0.174	0.195	0.256	0.299	0.345	0.393	0.360	0.542	0.414	0.371	0.175	0.123	0.085	0.198	0.320	0.367	0.377	0.462	0.366	0.450	0.548	0.397	0.396	0.299	0.345	0.304	0.521	0.641	0.349	0.360	0.208	0.348	0.384	0.365	0.401	0.238	0.157
0.765	0.792	0.650	0.440	0.493	0.588	0.855	1.694	1.292	0.763	0.882	0.557	0.330	0.209	0.452	0.348	0.256	0.226	0.250	0.381	0.375	0.257	0.177	0.258	0.359	0.282	0.295	0.358	0.425	0.483	0.433	0.634	0.589	0.680	0.423	0.361	0.610	0.523	0.466	0.400	0.308	0.270	0.282	0.689	0.550	0.776	0.428	0.394	0.529	0.299	0.100	0.242	0.210	0.449	0.568	0.160	0.312	0.305	0.346	0.315	0.362	0.323	0.255	0.102	0.359	0.555	0.476	0.338	0.412	0.429	0.523	0.333	0.356	0.447	0.459	0.574	0.559	0.662	0.383	0.496	0.573	0.398	0.441	0.485	0.188	0.318	0.235	0.239	0.399	0.231	0.231	0.282	0.239	0.400	0.210	0.325	0.438	0.326	0.376	0.440	0.346	0.298	0.534	0.448	0.503	0.519	0.367	0.639	0.293	0.353	0.138	0.180	0.121	0.213	0.392	0.847	0.766	0.971	0.631	0.388	0.295	0.280	0.348	0.343	0.421	0.401	0.704	0.892	0.516	0.627	0.383	0.417	0.317	0.317	0.288	0.239	0.247
0.953	1.054	0.935	0.804	0.334	0.605	0.786	1.292	2.180	1.096	1.075	0.840	0.481	0.270	0.549	0.652	0.337	0.402	0.321	0.424	0.415	0.372	0.270	0.290	0.477	0.340	0.493	0.456	0.540	0.546	0.701	0.901	0.550	0.792	0.532	0.378	0.731	0.617	0.725	0.476	0.389	0.335	0.426	0.696	0.787	0.983	0.758	0.674	0.671	0.429	0.149	0.287	0.260	0.444	0.636	0.214	0.353	0.483	0.493	0.458	0.551	0.651	0.553	0.357	0.629	0.866	0.774	0.617	0.626	0.505	0.683	0.503	0.472	0.712	0.834	0.816	0.786	0.830	0.349	0.699	0.660	0.357	0.487	0.571	0.146	0.392	0.404	0.315	0.417	0.391	0.391	0.471	0.428	0.514	0.365	0.642	0.726	0.569	0.491	0.519	0.475	0.447	0.775	0.698	0.697	0.648	0.516	0.859	0.522	0.506	0.225	0.219	0.147	0.296	0.583	1.041	0.884	1.089	0.612	0.339	0.296	0.348	0.439	0.425	0.490	0.513	0.650	0.811	0.451	0.679	0.579	0.593	0.500	0.500	0.310	0.298	0.383
0.817	0.795	0.761	0.827	0.498	0.521	0.573	0.763	1.096	1.698	1.154	1.010	0.661	0.358	0.554	0.432	0.305	0.262	0.220	0.417	0.281	0.288	0.259	0.261	0.488	0.347	0.499	0.461	0.574	0.910	0.881	1.138	0.500	0.736	0.322	0.240	0.606	0.620	0.775	0.715	0.701	0.555	0.542	0.804	1.067	1.117	0.812	0.572	0.535	0.382	0.190	0.254	0.203	0.283	0.368	0.347	0.550	0.648	0.508	0.427	0.493	0.583	0.456	0.491	0.699	0.924	0.989	0.729	0.569	0.529	0.544	0.646	0.533	0.711	0.691	0.601	0.734	0.674	0.265	0.707	0.465	0.465	0.788	0.892	0.457	0.579	0.347	0.401	0.564	0.085	0.085	0.146	0.085	0.648	0.542	0.925	0.913	0.701	0.649	0.508	0.555	0.388	0.839	0.840	0.765	0.754	0.491	0.845	0.405	0.436	0.111	0.114	0.162	0.247	0.635	0.910	0.676	1.022	0.429	0.409	0.439	0.442	0.647	0.576	0.563	0.568	0.457	0.718	0.473	0.566	0.857	0.748	0.864	0.765	0.517	0.258	0.364
0.778	0.745	0.734	0.731	0.521	0.506	0.447	0.882	1.075	1.154	1.740	0.746	0.783	0.424	0.485	0.493	0.260	0.299	0.316	0.472	0.335	0.276	0.197	0.269	0.528	0.311	0.445	0.533	0.664	0.888	0.731	0.895	0.589	0.476	0.316	0.160	0.545	0.761	0.646	0.709	0.588	0.535	0.598	0.903	0.866	0.918	0.691	0.518	0.528	0.376	0.113	0.245	0.224	0.437	0.552	0.379	0.686	0.568	0.594	0.425	0.470	0.413	0.283	0.370	0.501	0.888	0.807	0.581	0.330	0.353	0.382	0.487	0.398	0.618	0.542	0.720	0.559	0.670	0.337	0.542	0.411	0.431	0.751	0.766	0.354	0.735	0.330	0.382	0.528	0.157	0.157	0.189	0.157	0.593	0.358	0.728	0.812	0.541	0.690	0.547	0.498	0.432	0.750	0.664	0.699	0.553	0.498	0.670	0.417	0.444	0.153	0.135	0.233	0.321	0.518	0.876	0.860	1.254	0.649	0.383	0.371	0.381	0.499	0.397	0.472	0.493	0.396	0.629	0.658	0.562	0.819	0.711	0.605	0.512	0.454	0.345	0.403
0.663	0.604	0.590	0.489	0.265	0.340	0.290	0.557	0.840	1.010	0.746	1.415	0.723	0.320	0.672	0.385	0.300	0.184	0.184	0.311	0.314	0.224	0.198	0.313	0.448	0.353	0.605	0.606	0.672	0.921	0.697	0.602	0.264	0.408	0.166	0.129	0.442	0.510	0.492	0.340	0.517	0.371	0.209	0.522	0.639	0.835	0.764	0.617	0.669	0.226	0.130	0.147	0.194	0.396	0.517	0.231	0.366	0.573	0.464	0.387	0.478	0.330	0.256	0.263	0.558	0.814	0.707	0.410	0.523	0.437	0.582	0.566	0.369	0.488	0.630	0.545	0.542	0.567	0.209	0.506	0.511	0.363	0.552	0.495	0.153	0.393	0.307	0.218	0.281	0.069	0.069	0.080	0.069	0.314	0.307	0.690	0.774	0.710	0.652	0.470	0.664	0.389	0.744	0.701	0.739	0.691	0.392	0.604	0.252	0.223	0.080	0.091	0.166	0.209	0.553	0.919	0.535	0.787	0.176	0.156	0.269	0.316	0.474	0.473	0.420	0.443	0.420	0.526	0.255	0.330	0.528	0.663	0.828	0.875	0.523	0.311	0.343
0.467	0.487	0.580	0.590	0.374	0.320	0.233	0.330	0.481	0.661	0.783	0.723	1.264	0.353	0.492	0.357	0.102	0.165	0.215	0.273	0.283	0.276	0.217	0.304	0.343	0.248	0.508	0.582	0.619	0.871	0.609	0.372	0.359	0.256	0.061	0.071	0.352	0.453	0.351	0.378	0.366	0.419	0.348	0.465	0.482	0.535	0.576	0.568	0.720	0.365	0.125	0.143	0.189	0.291	0.459	0.309	0.508	0.617	0.512	0.413	0.503	0.402	0.151	0.353	0.370	0.653	0.620	0.406	0.243	0.332	0.332	0.113	0.173	0.255	0.398	0.502	0.437	0.552	0.158	0.210	0.259	0.461	0.609	0.641	0.229	0.545	0.402	0.259	0.320	0.061	0.061	0.071	0.061	0.320	0.248	0.585	0.530	0.659	0.745	0.419	0.466	0.330	0.549	0.516	0.406	0.406	0.287	0.404	0.223	0.228	0.071	0.132	0.305	0.400	0.699	0.913	0.623	0.635	0.266	0.251	0.277	0.245	0.180	0.322	0.249	0.303	0.228	0.418	0.511	0.290	0.470	0.512	0.825	0.770	0.518	0.359	0.254
0.596	0.515	0.430	0.556	0.292	0.269	0.292	0.209	0.270	0.358	0.424	0.320	0.353	1.334	0.713	0.773	0.359	0.384	0.236	0.396	0.429	0.434	0.466	0.261	0.233	0.109	0.281	0.255	0.275	0.357	0.408	0.384	0.180	0.217	0.132	0.109	0.433	0.440	0.269	0.309	0.307	0.284	0.220	0.422	0.320	0.470	0.243	0.239	0.342	0.289	0.043	0.161	0.089	0.250	0.354	0.173	0.326	0.248	0.175	0.369	0.299	0.128	0.171	0.215	0.265	0.525	0.482	0.279	0.256	0.266	0.176	0.227	0.266	0.316	0.251	0.545	0.480	0.359	0.215	0.278	0.234	0.227	0.425	0.447	0.188	0.418	0.252	0.258	0.235	0.049	0.049	0.146	0.132	0.235	0.344	0.359	0.396	0.386	0.341	0.335	0.330	0.406	0.519	0.595	0.349	0.392	0.450	0.510	0.418	0.399	0.331	0.097	0.288	0.349	0.387	0.442	0.395	0.397	0.143	0.079	0.133	0.139	0.215	0.243	0.223	0.273	0.201	0.341	0.186	0.215	0.323	0.339	0.357	0.432	0.567	0.326	0.537
0.851	0.923	0.880	0.870	0.465	0.586	0.573	0.452	0.549	0.554	0.485	0.672	0.492	0.713	2.084	1.206	0.950	0.915	0.675	0.405	0.384	0.519	0.441	0.379	0.322	0.375	0.453	0.727	0.721	0.672	0.542	0.517	0.266	0.444	0.220	0.193	0.555	0.545	0.635	0.508	0.669	0.476	0.322	0.508	0.305	0.361	0.397	0.386	0.538	0.348	0.180	0.180	0.116	0.228	0.515	0.229	0.549	0.591	0.487	0.612	0.433	0.334	0.226	0.183	0.390	0.735	0.644	0.366	0.466	0.433	0.444	0.425	0.439	0.517	0.528	0.804	0.656	0.588	0.244	0.261	0.354	0.380	0.542	0.521	0.164	0.422	0.316	0.226	0.179	0.133	0.133	0.155	0.202	0.177	0.380	0.482	0.659	0.789	0.655	0.643	0.689	0.378	0.619	0.592	0.582	0.552	0.617	0.895	0.634	0.596	0.333	0.261	0.279	0.306	0.368	0.544	0.367	0.485	0.240	0.200	0.430	0.440	0.635	0.603	0.508	0.618	0.583	0.426	0.226	0.226	0.376	0.473	0.686	0.871	0.795	0.582	0.701
0.921	0.908	0.742	0.721	0.388	0.487	0.427	0.348	0.652	0.432	0.493	0.385	0.357	0.773	1.206	2.238	0.727	0.967	0.635	0.465	0.569	0.552	0.391	0.429	0.299	0.397	0.294	0.419	0.439	0.375	0.494	0.526	0.156	0.314	0.190	0.175	0.520	0.600	0.570	0.527	0.322	0.362	0.345	0.372	0.314	0.370	0.387	0.317	0.357	0.442	0.243	0.255	0.243	0.173	0.407	0.195	0.391	0.416	0.349	0.382	0.294	0.363	0.271	0.176	0.336	0.623	0.674	0.483	0.383	0.274	0.372	0.325	0.430	0.591	0.445	0.667	0.674	0.539	0.194	0.282	0.318	0.284	0.429	0.533	0.246	0.524	0.308	0.284	0.230	0.153	0.153	0.239	0.250	0.326	0.407	0.505	0.542	0.527	0.434	0.413	0.409	0.390	0.473	0.503	0.367	0.456	0.651	0.712	0.710	0.650	0.417	0.200	0.268	0.322	0.343	0.436	0.345	0.433	0.243	0.175	0.220	0.291	0.360	0.389	0.468	0.537	0.316	0.423	0.338	0.321	0.327	0.434	0.427	0.542	0.684	0.440	0.553
0.528	0.524	0.655	0.453	0.260	0.292	0.285	0.256	0.337	0.305	0.260	0.300	0.102	0.359	0.950	0.727	1.389	0.756	0.745	0.256	0.354	0.516	0.375	0.413	0.383	0.373	0.272	0.359	0.186	0.207	0.229	0.259	0.077	0.225	0.219	0.184	0.488	0.487	0.418	0.254	0.300	0.089	0.089	0.238	0.266	0.232	0.190	0.089	0.195	0.339	0.297	0.213	0.297	0.053	0.190	0.089	0.102	0.369	0.279	0.405	0.232	0.122	0.065	0.065	0.262	0.417	0.380	0.222	0.311	0.347	0.393	0.368	0.364	0.369	0.396	0.604	0.699	0.369	0.065	0.102	0.077	0.173	0.229	0.335	0.161	0.455	0.262	0.270	0.178	0.077	0.077	0.089	0.219	0.102	0.469	0.369	0.380	0.347	0.148	0.184	0.279	0.362	0.536	0.499	0.433	0.401	0.333	0.593	0.375	0.307	0.289	0.252	0.232	0.223	0.089	0.159	0.159	0.336	0.230	0.208	0.233	0.236	0.482	0.409	0.345	0.462	0.302	0.255	0.129	0.129	0.144	0.143	0.161	0.216	0.252	0.219	0.479
0.694	0.741	0.859	0.782	0.224	0.359	0.317	0.226	0.402	0.262	0.299	0.184	0.165	0.384	0.915	0.967	0.756	1.752	1.074	0.489	0.346	0.490	0.277	0.391	0.129	0.154	0.158	0.156	0.223	0.194	0.285	0.307	0.182	0.188	0.118	0.125	0.300	0.351	0.519	0.298	0.287	0.205	0.187	0.294	0.208	0.273	0.184	0.205	0.298	0.369	0.299	0.176	0.299	0.147	0.240	0.112	0.244	0.325	0.315	0.439	0.336	0.392	0.172	0.172	0.322	0.435	0.356	0.310	0.274	0.272	0.272	0.251	0.297	0.411	0.373	0.574	0.408	0.480	0.172	0.222	0.234	0.188	0.234	0.318	0.173	0.453	0.286	0.288	0.167	0.098	0.098	0.125	0.167	0.173	0.286	0.269	0.345	0.374	0.249	0.266	0.251	0.389	0.459	0.441	0.302	0.336	0.621	0.675	0.604	0.481	0.369	0.244	0.262	0.330	0.251	0.363	0.317	0.275	0.154	0.103	0.174	0.188	0.246	0.249	0.313	0.430	0.327	0.354	0.250	0.262	0.234	0.310	0.240	0.298	0.492	0.390	0.557
0.584	0.573	0.703	0.575	0.338	0.383	0.344	0.250	0.321	0.220	0.316	0.184	0.215	0.236	0.675	0.635	0.745	1.074	1.529	0.783	0.524	0.700	0.487	0.540	0.346	0.227	0.114	0.134	0.180	0.256	0.323	0.335	0.217	0.163	0.094	0.154	0.321	0.475	0.499	0.213	0.213	0.137	0.119	0.382	0.246	0.348	0.142	0.137	0.215	0.322	0.272	0.145	0.272	0.240	0.256	0.166	0.225	0.331	0.324	0.369	0.298	0.351	0.079	0.205	0.327	0.398	0.441	0.272	0.212	0.403	0.310	0.226	0.357	0.429	0.417	0.538	0.462	0.387	0.205	0.243	0.264	0.151	0.194	0.522	0.331	0.582	0.508	0.326	0.234	0.094	0.094	0.109	0.150	0.336	0.318	0.344	0.381	0.303	0.160	0.183	0.109	0.347	0.450	0.429	0.423	0.335	0.626	0.594	0.562	0.355	0.259	0.208	0.281	0.269	0.201	0.299	0.340	0.412	0.137	0.079	0.180	0.187	0.305	0.273	0.325	0.375	0.347	0.359	0.313	0.360	0.331	0.283	0.210	0.256	0.243	0.264	0.408
0.707	0.714	0.817	0.634	0.568	0.557	0.413	0.381	0.424	0.417	0.472	0.311	0.273	0.396	0.405	0.465	0.256	0.489	0.783	1.820	1.476	1.115	0.983	0.459	0.404	0.277	0.252	0.265	0.333	0.458	0.567	0.498	0.410	0.291	0.169	0.229	0.495	0.534	0.892	0.424	0.458	0.407	0.255	0.622	0.534	0.575	0.227	0.276	0.160	0.163	0.060	0.107	0.060	0.421	0.379	0.314	0.434	0.416	0.475	0.572	0.401	0.340	0.100	0.368	0.414	0.628	0.655	0.605	0.258	0.530	0.443	0.275	0.641	0.537	0.496	0.753	0.614	0.556	0.348	0.495	0.410	0.285	0.392	0.589	0.465	0.558	0.526	0.390	0.407	0.216	0.216	0.276	0.169	0.470	0.390	0.433	0.518	0.344	0.327	0.248	0.210	0.202	0.611	0.687	0.499	0.620	0.685	0.715	0.536	0.457	0.231	0.268	0.347	0.329	0.301	0.414	0.473	0.506	0.248	0.146	0.287	0.370	0.503	0.422	0.550	0.638	0.519	0.574	0.483	0.460	0.418	0.466	0.424	0.424	0.454	0.228	0.378
0.663	0.624	0.796	0.546	0.384	0.458	0.335	0.375	0.415	0.281	0.335	0.314	0.283	0.429	0.384	0.569	0.354	0.346	0.524	1.476	1.797	1.229	1.033	0.724	0.417	0.325	0.256	0.251	0.352	0.385	0.499	0.378	0.413	0.346	0.166	0.180	0.564	0.538	0.781	0.360	0.405	0.334	0.182	0.523	0.472	0.458	0.229	0.273	0.209	0.167	0.061	0.099	0.061	0.428	0.383	0.267	0.402	0.355	0.449	0.458	0.382	0.340	0.098	0.306	0.313	0.464	0.548	0.470	0.222	0.489	0.447	0.282	0.577	0.570	0.528	0.733	0.561	0.537	0.296	0.448	0.413	0.298	0.365	0.537	0.349	0.458	0.442	0.345	0.359	0.215	0.215	0.273	0.166	0.367	0.343	0.430	0.450	0.276	0.288	0.209	0.214	0.169	0.491	0.567	0.396	0.491	0.486	0.573	0.362	0.303	0.214	0.237	0.300	0.284	0.261	0.372	0.380	0.413	0.254	0.163	0.255	0.347	0.336	0.385	0.523	0.684	0.420	0.630	0.386	0.354	0.336	0.430	0.439	0.393	0.423	0.147	0.369
0.778	0.671	0.820	0.646	0.316	0.513	0.318	0.257	0.372	0.288	0.276	0.224	0.276	0.434	0.519	0.552	0.516	0.490	0.700	1.115	1.229	1.751	1.291	0.729	0.438	0.204	0.152	0.231	0.289	0.336	0.415	0.309	0.298	0.289	0.161	0.146	0.515	0.564	0.590	0.321	0.321	0.230	0.212	0.380	0.334	0.332	0.149	0.192	0.237	0.221	0.112	0.085	0.112	0.319	0.283	0.275	0.380	0.444	0.356	0.374	0.287	0.251	0.097	0.281	0.264	0.381	0.363	0.460	0.177	0.385	0.394	0.222	0.370	0.322	0.400	0.518	0.523	0.562	0.192	0.327	0.298	0.297	0.379	0.497	0.326	0.414	0.444	0.309	0.316	0.161	0.161	0.133	0.161	0.307	0.295	0.406	0.362	0.330	0.356	0.177	0.180	0.320	0.419	0.420	0.507	0.490	0.472	0.638	0.442	0.246	0.364	0.352	0.453	0.440	0.275	0.338	0.320	0.371	0.192	0.200	0.202	0.338	0.434	0.423	0.492	0.665	0.282	0.491	0.341	0.288	0.268	0.231	0.275	0.359	0.344	0.205	0.476
0.551	0.473	0.511	0.390	0.348	0.399	0.254	0.177	0.270	0.259	0.197	0.198	0.217	0.466	0.441	0.391	0.375	0.277	0.487	0.983	1.033	1.291	1.413	0.566	0.507	0.183	0.128	0.173	0.212	0.275	0.355	0.282	0.241	0.266	0.140	0.136	0.394	0.457	0.434	0.248	0.248	0.178	0.161	0.346	0.307	0.335	0.110	0.142	0.146	0.142	0.044	0.078	0.044	0.264	0.258	0.205	0.296	0.306	0.272	0.264	0.189	0.159	0.077	0.294	0.255	0.326	0.325	0.433	0.150	0.279	0.275	0.173	0.273	0.259	0.319	0.346	0.400	0.370	0.153	0.230	0.241	0.241	0.317	0.442	0.382	0.412	0.473	0.291	0.296	0.140	0.140	0.110	0.140	0.249	0.190	0.317	0.300	0.231	0.254	0.142	0.157	0.189	0.410	0.409	0.412	0.439	0.424	0.607	0.453	0.240	0.293	0.257	0.343	0.330	0.236	0.247	0.245	0.324	0.132	0.151	0.129	0.223	0.250	0.297	0.397	0.548	0.249	0.312	0.269	0.227	0.195	0.169	0.234	0.381	0.368	0.126	0.408
0.467	0.570	0.498	0.426	0.202	0.251	0.165	0.258	0.290	0.261	0.269	0.313	0.304	0.261	0.379	0.429	0.413	0.391	0.540	0.459	0.724	0.729	0.566	1.298	0.487	0.469	0.242	0.165	0.214	0.359	0.229	0.174	0.211	0.143	0.077	0.093	0.359	0.314	0.308	0.207	0.116	0.089	0.089	0.204	0.238	0.286	0.254	0.235	0.295	0.376	0.287	0.297	0.334	0.241	0.173	0.134	0.211	0.278	0.295	0.238	0.393	0.246	0.065	0.179	0.392	0.390	0.362	0.294	0.136	0.269	0.380	0.128	0.273	0.368	0.365	0.441	0.490	0.425	0.132	0.208	0.257	0.141	0.165	0.334	0.184	0.359	0.382	0.095	0.144	0.077	0.077	0.089	0.077	0.182	0.134	0.239	0.248	0.192	0.165	0.093	0.089	0.277	0.502	0.460	0.427	0.373	0.395	0.427	0.353	0.251	0.279	0.197	0.260	0.169	0.277	0.341	0.184	0.365	0.093	0.065	0.097	0.117	0.140	0.332	0.301	0.401	0.174	0.414	0.248	0.200	0.305	0.315	0.313	0.359	0.257	0.173	0.269
0.595	0.478	0.365	0.464	0.248	0.274	0.156	0.359	0.477	0.488	0.528	0.448	0.343	0.233	0.322	0.299	0.383	0.129	0.346	0.404	0.417	0.438	0.507	0.487	1.171	0.512	0.465	0.401	0.280	0.299	0.166	0.140	0.084	0.186	0.206	0.191	0.514	0.441	0.304	0.232	0.186	0.071	0.071	0.324	0.407	0.637	0.506	0.412	0.372	0.219	0.125	0.245	0.291	0.216	0.413	0.115	0.084	0.251	0.168	0.123	0.254	0.290	0.176	0.363	0.502	0.504	0.326	0.370	0.132	0.142	0.349	0.159	0.220	0.243	0.465	0.417	0.421	0.300	0.176	0.134	0.130	0.084	0.102	0.400	0.235	0.396	0.402	0.119	0.163	0.061	0.061	0.071	0.061	0.181	0.075	0.240	0.214	0.168	0.214	0.412	0.412	0.323	0.683	0.506	0.394	0.483	0.285	0.498	0.226	0.275	0.104	0.099	0.166	0.122	0.284	0.465	0.355	0.680	0.266	0.197	0.201	0.204	0.236	0.282	0.327	0.367	0.274	0.418	0.199	0.150	0.243	0.188	0.206	0.252	0.101	0.159	0.361
0.448	0.518	0.348	0.252	0.192	0.175	0.108	0.282	0.340	0.347	0.311	0.353	0.248	0.109	0.375	0.397	0.373	0.154	0.227	0.277	0.325	0.204	0.183	0.469	0.512	1.048	0.486	0.651	0.496	0.302	0.102	0.137	0.053	0.129	0.153	0.114	0.421	0.251	0.274	0.307	0.342	0.195	0.079	0.295	0.330	0.462	0.443	0.389	0.348	0.351	0.177	0.345	0.328	0.139	0.289	0.102	0.071	0.349	0.242	0.134	0.221	0.167	0.045	0.045	0.301	0.380	0.407	0.200	0.120	0.158	0.307	0.143	0.188	0.229	0.403	0.466	0.418	0.286	0.099	0.086	0.053	0.053	0.102	0.220	0.059	0.235	0.143	0.053	0.071	0.051	0.051	0.143	0.053	0.071	0.143	0.240	0.259	0.336	0.302	0.343	0.444	0.309	0.465	0.511	0.371	0.471	0.220	0.442	0.161	0.262	0.096	0.071	0.172	0.128	0.289	0.324	0.154	0.454	0.260	0.146	0.147	0.150	0.327	0.389	0.283	0.335	0.281	0.277	0.166	0.089	0.169	0.191	0.307	0.353	0.248	0.189	0.244
0.441	0.536	0.472	0.397	0.173	0.217	0.104	0.295	0.493	0.499	0.445	0.605	0.508	0.281	0.453	0.294	0.272	0.158	0.114	0.252	0.256	0.152	0.128	0.242	0.465	0.486	1.200	0.828	0.748	0.506	0.254	0.243	0.061	0.122	0.061	0.071	0.302	0.250	0.352	0.268	0.541	0.402	0.184	0.363	0.275	0.568	0.790	0.699	0.702	0.457	0.163	0.330	0.312	0.143	0.425	0.272	0.113	0.548	0.312	0.259	0.314	0.273	0.151	0.104	0.454	0.598	0.454	0.219	0.272	0.310	0.314	0.295	0.340	0.319	0.462	0.580	0.656	0.485	0.243	0.244	0.142	0.195	0.286	0.395	0.128	0.388	0.231	0.095	0.095	0.058	0.058	0.150	0.142	0.081	0.295	0.316	0.365	0.587	0.599	0.402	0.746	0.461	0.713	0.806	0.512	0.578	0.372	0.497	0.226	0.370	0.104	0.081	0.195	0.187	0.394	0.716	0.336	0.403	0.121	0.051	0.100	0.106	0.246	0.318	0.248	0.320	0.303	0.339	0.178	0.102	0.257	0.343	0.605	0.652	0.401	0.443	0.324
0.593	0.565	0.618	0.447	0.312	0.444	0.320	0.358	0.456	0.461	0.533	0.606	0.582	0.255	0.727	0.419	0.359	0.156	0.134	0.265	0.251	0.231	0.173	0.165	0.401	0.651	0.828	1.474	1.086	0.687	0.435	0.274	0.142	0.348	0.226	0.192	0.463	0.379	0.396	0.538	0.762	0.522	0.263	0.563	0.330	0.555	0.716	0.615	0.646	0.447	0.077	0.334	0.270	0.263	0.584	0.336	0.294	0.711	0.429	0.469	0.371	0.178	0.072	0.072	0.272	0.571	0.501	0.307	0.248	0.272	0.555	0.369	0.436	0.458	0.465	0.645	0.587	0.531	0.345	0.216	0.220	0.369	0.421	0.507	0.105	0.448	0.234	0.096	0.104	0.078	0.078	0.175	0.142	0.114	0.232	0.433	0.499	0.669	0.827	0.639	0.799	0.369	0.596	0.688	0.493	0.615	0.343	0.519	0.257	0.451	0.185	0.077	0.304	0.247	0.378	0.610	0.286	0.494	0.391	0.274	0.293	0.307	0.442	0.499	0.327	0.408	0.479	0.309	0.192	0.148	0.249	0.431	0.687	0.733	0.501	0.608	0.343
0.790	0.739	0.731	0.502	0.349	0.388	0.324	0.425	0.540	0.574	0.664	0.672	0.619	0.275	0.721	0.439	0.186	0.223	0.180	0.333	0.352	0.289	0.212	0.214	0.280	0.496	0.748	1.086	1.605	0.963	0.708	0.525	0.180	0.263	0.085	0.099	0.391	0.480	0.598	0.575	0.846	0.706	0.444	0.601	0.367	0.592	0.753	0.606	0.666	0.462	0.074	0.237	0.283	0.447	0.575	0.369	0.602	0.847	0.560	0.501	0.416	0.333	0.168	0.072	0.380	0.780	0.631	0.234	0.332	0.263	0.480	0.372	0.260	0.389	0.401	0.734	0.611	0.618	0.316	0.375	0.372	0.407	0.662	0.561	0.106	0.489	0.158	0.226	0.252	0.096	0.096	0.192	0.085	0.188	0.192	0.782	0.913	0.852	1.186	0.752	0.816	0.566	0.622	0.676	0.575	0.606	0.520	0.603	0.323	0.564	0.301	0.097	0.304	0.265	0.444	0.724	0.352	0.514	0.269	0.150	0.244	0.345	0.462	0.388	0.394	0.513	0.411	0.457	0.303	0.241	0.522	0.608	0.771	0.817	0.712	0.700	0.493
0.692	0.627	0.731	0.732	0.526	0.518	0.431	0.483	0.546	0.910	0.888	0.921	0.871	0.357	0.672	0.375	0.207	0.194	0.256	0.458	0.385	0.336	0.275	0.359	0.299	0.302	0.506	0.687	0.963	1.462	1.100	0.902	0.456	0.357	0.069	0.080	0.329	0.558	0.642	0.530	0.710	0.617	0.453	0.662	0.554	0.590	0.466	0.417	0.523	0.226	0.130	0.147	0.194	0.442	0.466	0.424	0.807	0.961	0.859	0.634	0.481	0.283	0.058	0.302	0.446	0.865	0.844	0.512	0.477	0.576	0.386	0.363	0.196	0.306	0.365	0.570	0.621	0.535	0.209	0.328	0.410	0.612	0.990	0.803	0.366	0.667	0.499	0.410	0.471	0.069	0.069	0.080	0.069	0.407	0.446	0.934	1.065	1.005	1.044	0.371	0.464	0.435	0.630	0.686	0.517	0.567	0.483	0.695	0.384	0.351	0.112	0.095	0.212	0.256	0.646	0.867	0.535	0.692	0.273	0.256	0.381	0.345	0.484	0.563	0.558	0.597	0.442	0.662	0.541	0.284	0.821	0.810	1.023	0.921	0.669	0.363	0.304
0.665	0.533	0.641	0.651	0.521	0.565	0.546	0.433	0.701	0.881	0.731	0.697	0.609	0.408	0.542	0.494	0.229	0.285	0.323	0.567	0.499	0.415	0.355	0.229	0.166	0.102	0.254	0.435	0.708	1.100	1.484	1.169	0.543	0.732	0.077	0.089	0.368	0.529	0.751	0.566	0.599	0.550	0.486	0.640	0.545	0.582	0.359	0.312	0.336	0.184	0.053	0.053	0.053	0.575	0.502	0.486	0.876	0.814	0.834	0.743	0.419	0.463	0.144	0.342	0.301	0.762	0.866	0.559	0.545	0.604	0.380	0.533	0.324	0.434	0.493	0.409	0.515	0.528	0.243	0.511	0.643	0.643	1.022	0.795	0.354	0.596	0.440	0.543	0.525	0.077	0.077	0.089	0.077	0.638	0.715	1.003	1.234	0.779	0.785	0.405	0.308	0.331	0.498	0.557	0.414	0.454	0.552	0.611	0.360	0.356	0.102	0.087	0.219	0.307	0.632	0.810	0.699	0.714	0.295	0.243	0.309	0.315	0.456	0.425	0.506	0.540	0.300	0.594	0.559	0.495	0.937	0.833	0.796	0.697	0.656	0.252	0.245
0.750	0.708	0.717	0.761	0.475	0.566	0.646	0.634	0.901	1.138	0.895	0.602	0.372	0.384	0.517	0.526	0.259	0.307	0.335	0.498	0.378	0.309	0.282	0.174	0.140	0.137	0.243	0.274	0.525	0.902	1.169	1.677	0.819	0.861	0.328	0.218	0.435	0.605	0.823	0.692	0.628	0.577	0.708	0.850	0.723	0.682	0.319	0.249	0.324	0.247	0.097	0.161	0.065	0.409	0.442	0.391	0.721	0.627	0.679	0.649	0.463	0.361	0.240	0.291	0.375	0.715	0.973	0.707	0.595	0.652	0.272	0.479	0.268	0.593	0.572	0.604	0.663	0.610	0.291	0.623	0.672	0.492	0.976	0.914	0.559	0.716	0.373	0.445	0.636	0.234	0.234	0.294	0.234	0.820	0.761	0.905	1.146	0.728	0.552	0.359	0.294	0.322	0.580	0.674	0.510	0.546	0.581	0.721	0.495	0.445	0.183	0.125	0.187	0.223	0.517	0.702	0.704	0.861	0.455	0.269	0.354	0.318	0.455	0.520	0.568	0.552	0.461	0.762	0.517	0.641	0.837	0.826	0.745	0.648	0.607	0.281	0.300
0.479	0.542	0.453	0.574	0.314	0.350	0.375	0.589	0.550	0.500	0.589	0.264	0.359	0.180	0.266	0.156	0.077	0.182	0.217	0.410	0.413	0.298	0.241	0.211	0.084	0.053	0.061	0.142	0.180	0.456	0.543	0.819	1.005	0.566	0.295	0.178	0.309	0.466	0.394	0.264	0.102	0.153	0.355	0.623	0.585	0.326	0.069	0.153	0.259	0.153	0.071	0.135	0.032	0.436	0.446	0.337	0.490	0.275	0.448	0.422	0.455	0.281	0.141	0.243	0.204	0.276	0.536	0.478	0.321	0.612	0.264	0.193	0.191	0.430	0.339	0.432	0.348	0.506	0.243	0.342	0.444	0.295	0.533	0.564	0.304	0.351	0.337	0.295	0.507	0.193	0.193	0.253	0.193	0.650	0.440	0.442	0.474	0.200	0.163	0.153	0.053	0.089	0.304	0.345	0.276	0.333	0.212	0.387	0.136	0.226	0.053	0.061	0.147	0.141	0.337	0.457	0.561	0.662	0.458	0.197	0.199	0.164	0.110	0.204	0.220	0.212	0.322	0.612	0.521	0.550	0.467	0.446	0.363	0.264	0.259	0.046	0.127
0.500	0.469	0.502	0.458	0.377	0.584	0.711	0.680	0.792	0.736	0.476	0.408	0.256	0.217	0.444	0.314	0.225	0.188	0.163	0.291	0.346	0.289	0.266	0.143	0.186	0.129	0.122	0.348	0.263	0.357	0.732	0.861	0.566	1.276	0.410	0.324	0.394	0.329	0.397	0.501	0.437	0.244	0.295	0.429	0.401	0.517	0.293	0.231	0.378	0.226	0.083	0.147	0.048	0.265	0.247	0.162	0.366	0.356	0.424	0.316	0.378	0.415	0.327	0.163	0.218	0.303	0.554	0.390	0.365	0.395	0.344	0.418	0.416	0.655	0.491	0.490	0.511	0.557	0.281	0.384	0.464	0.381	0.444	0.458	0.162	0.224	0.260	0.171	0.349	0.212	0.212	0.273	0.212	0.466	0.507	0.471	0.602	0.373	0.261	0.371	0.273	0.207	0.425	0.433	0.455	0.453	0.255	0.399	0.207	0.254	0.080	0.091	0.069	0.110	0.406	0.488	0.491	0.694	0.331	0.429	0.369	0.362	0.341	0.281	0.345	0.332	0.320	0.447	0.272	0.380	0.258	0.419	0.390	0.311	0.281	0.166	0.228
0.456	0.515	0.583	0.387	0.268	0.358	0.294	0.423	0.532	0.322	0.316	0.166	0.061	0.132	0.220	0.190	0.219	0.118	0.094	0.169	0.166	0.161	0.140	0.077	0.206	0.153	0.061	0.226	0.085	0.069	0.077	0.328	0.295	0.410	0.987	0.713	0.780	0.692	0.540	0.410	0.311	0.053	0.300	0.485	0.461	0.275	0.148	0.053	0.206	0.199	0.117	0.181	0.032	0.032	0.246	0.053	0.061	0.085	0.053	0.247	0.333	0.187	0.290	0.039	0.241	0.196	0.179	0.253	0.155	0.102	0.246	0.147	0.238	0.430	0.356	0.360	0.350	0.390	0.187	0.288	0.147	0.046	0.235	0.347	0.177	0.239	0.053	0.046	0.305	0.569	0.569	0.562	0.606	0.241	0.199	0.180	0.094	0.069	0.085	0.153	0.153	0.077	0.241	0.303	0.454	0.416	0.131	0.356	0.296	0.224	0.135	0.142	0.046	0.076	0.135	0.170	0.264	0.485	0.495	0.336	0.337	0.343	0.410	0.262	0.404	0.285	0.421	0.527	0.240	0.286	0.155	0.166	0.069	0.069	0.061	0.046	0.185
0.507	0.587	0.387	0.419	0.262	0.407	0.279	0.361	0.378	0.240	0.160	0.129	0.071	0.109	0.193	0.175	0.184	0.125	0.154	0.229	0.180	0.146	0.136	0.093	0.191	0.114	0.071	0.192	0.099	0.080	0.089	0.218	0.178	0.324	0.713	0.972	0.735	0.810	0.571	0.295	0.319	0.062	0.085	0.332	0.225	0.289	0.112	0.062	0.071	0.062	0.037	0.037	0.037	0.037	0.133	0.062	0.071	0.099	0.062	0.219	0.184	0.154	0.099	0.045	0.135	0.139	0.315	0.285	0.204	0.249	0.249	0.106	0.208	0.180	0.232	0.277	0.256	0.193	0.146	0.126	0.178	0.106	0.091	0.214	0.146	0.160	0.114	0.053	0.290	0.449	0.449	0.546	0.486	0.319	0.062	0.099	0.109	0.080	0.099	0.114	0.114	0.089	0.257	0.212	0.214	0.260	0.151	0.314	0.252	0.247	0.131	0.146	0.053	0.070	0.131	0.172	0.391	0.424	0.231	0.397	0.259	0.269	0.305	0.173	0.370	0.282	0.318	0.401	0.126	0.271	0.091	0.100	0.080	0.080	0.071	0.053	0.176
1.061	1.135	0.905	0.795	0.392	0.569	0.283	0.610	0.731	0.606	0.545	0.442	0.352	0.433	0.555	0.520	0.488	0.300	0.321	0.495	0.564	0.515	0.394	0.359	0.514	0.421	0.302	0.463	0.391	0.329	0.368	0.435	0.309	0.394	0.780	0.735	2.206	1.236	1.346	0.693	0.459	0.277	0.338	0.653	0.580	0.661	0.462	0.398	0.320	0.247	0.061	0.144	0.126	0.191	0.471	0.121	0.231	0.273	0.219	0.466	0.440	0.336	0.271	0.188	0.338	0.487	0.465	0.534	0.342	0.440	0.585	0.394	0.547	0.558	0.654	0.743	0.555	0.595	0.240	0.527	0.570	0.300	0.458	0.596	0.393	0.540	0.229	0.200	0.387	0.506	0.506	0.584	0.590	0.428	0.220	0.354	0.348	0.319	0.371	0.402	0.449	0.377	0.567	0.579	0.694	0.446	0.366	0.673	0.564	0.465	0.249	0.238	0.206	0.305	0.433	0.585	0.657	0.762	0.479	0.333	0.362	0.439	0.535	0.585	0.625	0.527	0.556	0.607	0.342	0.514	0.423	0.475	0.449	0.449	0.388	0.282	0.359
1.052	0.993	0.949	0.897	0.477	0.534	0.350	0.523	0.617	0.620	0.761	0.510	0.453	0.440	0.545	0.600	0.487	0.351	0.475	0.534	0.538	0.564	0.457	0.314	0.441	0.251	0.250	0.379	0.480	0.558	0.529	0.605	0.466	0.329	0.692	0.810	1.236	2.165	1.161	0.731	0.534	0.385	0.387	0.807	0.741	0.747	0.434	0.220	0.267	0.206	0.141	0.141	0.141	0.362	0.644	0.312	0.477	0.396	0.287	0.498	0.441	0.308	0.275	0.275	0.365	0.669	0.702	0.659	0.532	0.509	0.462	0.368	0.421	0.547	0.627	0.898	0.610	0.524	0.182	0.404	0.466	0.336	0.547	0.615	0.357	0.517	0.344	0.368	0.642	0.467	0.467	0.611	0.532	0.690	0.301	0.486	0.469	0.364	0.478	0.405	0.381	0.492	0.691	0.619	0.566	0.499	0.468	0.770	0.693	0.574	0.234	0.214	0.284	0.341	0.416	0.591	0.725	0.856	0.409	0.334	0.328	0.493	0.594	0.551	0.595	0.669	0.415	0.902	0.502	0.661	0.462	0.387	0.381	0.397	0.456	0.344	0.397
1.023	1.141	1.092	0.809	0.563	0.729	0.473	0.466	0.725	0.775	0.646	0.492	0.351	0.269	0.635	0.570	0.418	0.519	0.499	0.892	0.781	0.590	0.434	0.308	0.304	0.274	0.352	0.396	0.598	0.642	0.751	0.823	0.394	0.397	0.540	0.571	1.346	1.161	2.296	0.812	0.701	0.572	0.508	0.825	0.735	0.633	0.426	0.235	0.229	0.198	0.121	0.198	0.121	0.296	0.484	0.287	0.427	0.755	0.619	0.593	0.393	0.578	0.254	0.236	0.511	0.769	0.906	0.537	0.537	0.572	0.544	0.437	0.502	0.543	0.625	0.818	0.752	0.644	0.240	0.637	0.604	0.466	0.752	0.837	0.555	0.787	0.436	0.517	0.584	0.457	0.457	0.527	0.467	0.590	0.484	0.768	0.737	0.694	0.532	0.311	0.311	0.242	0.522	0.659	0.470	0.584	0.544	0.807	0.777	0.553	0.240	0.274	0.186	0.218	0.343	0.578	0.647	0.673	0.432	0.237	0.363	0.410	0.636	0.571	0.718	0.671	0.615	0.843	0.560	0.589	0.626	0.544	0.567	0.547	0.532	0.278	0.372
0.880	0.635	0.746	0.664	0.624	0.652	0.480	0.400	0.476	0.715	0.709	0.340	0.378	0.309	0.508	0.527	0.254	0.298	0.213	0.424	0.360	0.321	0.248	0.207	0.232	0.307	0.268	0.538	0.575	0.530	0.566	0.692	0.264	0.501	0.410	0.295	0.693	0.731	0.812	1.462	0.959	0.812	0.702	0.896	0.727	0.544	0.517	0.273	0.328	0.273	0.048	0.048	0.048	0.194	0.419	0.371	0.506	0.524	0.366	0.350	0.310	0.330	0.110	0.203	0.290	0.612	0.675	0.407	0.283	0.196	0.479	0.410	0.374	0.619	0.647	0.727	0.507	0.611	0.110	0.506	0.363	0.410	0.616	0.605	0.297	0.372	0.222	0.311	0.523	0.326	0.326	0.371	0.264	0.361	0.222	0.420	0.505	0.657	0.620	0.517	0.417	0.207	0.383	0.433	0.362	0.435	0.403	0.600	0.458	0.503	0.255	0.142	0.293	0.256	0.400	0.487	0.301	0.508	0.417	0.403	0.656	0.666	0.648	0.400	0.657	0.656	0.506	0.655	0.348	0.236	0.430	0.340	0.530	0.433	0.570	0.410	0.304
0.648	0.559	0.639	0.566	0.560	0.587	0.416	0.308	0.389	0.701	0.588	0.517	0.366	0.307	0.669	0.322	0.300	0.287	0.213	0.458	0.405	0.321	0.248	0.116	0.186	0.342	0.541	0.762	0.846	0.710	0.599	0.628	0.102	0.437	0.311	0.319	0.459	0.534	0.701	0.959	1.351	0.851	0.629	0.702	0.473	0.480	0.553	0.353	0.407	0.255	0.048	0.048	0.048	0.130	0.309	0.296	0.442	0.635	0.446	0.355	0.209	0.219	0.110	0.139	0.264	0.671	0.713	0.297	0.313	0.273	0.369	0.446	0.374	0.512	0.497	0.640	0.523	0.480	0.209	0.343	0.246	0.346	0.599	0.588	0.279	0.308	0.158	0.200	0.314	0.180	0.180	0.226	0.166	0.200	0.302	0.451	0.581	0.839	0.733	0.453	0.600	0.329	0.433	0.534	0.471	0.496	0.514	0.544	0.374	0.311	0.158	0.091	0.148	0.238	0.336	0.517	0.238	0.354	0.209	0.339	0.563	0.569	0.716	0.511	0.621	0.682	0.546	0.352	0.207	0.126	0.459	0.415	0.710	0.657	0.599	0.493	0.303
0.635	0.570	0.547	0.543	0.485	0.547	0.349	0.270	0.335	0.555	0.535	0.371	0.419	0.284	0.476	0.362	0.089	0.205	0.137	0.407	0.334	0.230	0.178	0.089	0.071	0.195	0.402	0.522	0.706	0.617	0.550	0.577	0.153	0.244	0.053	0.062	0.277	0.385	0.572	0.812	0.851	1.158	0.687	0.697	0.516	0.475	0.507	0.360	0.412	0.260	0.037	0.037	0.037	0.185	0.324	0.351	0.495	0.494	0.306	0.280	0.214	0.307	0.045	0.192	0.255	0.608	0.724	0.384	0.266	0.176	0.273	0.300	0.298	0.416	0.400	0.597	0.428	0.462	0.201	0.441	0.300	0.448	0.550	0.469	0.222	0.363	0.207	0.402	0.394	0.115	0.115	0.207	0.053	0.295	0.207	0.353	0.484	0.748	0.704	0.407	0.407	0.230	0.286	0.428	0.307	0.364	0.319	0.435	0.280	0.321	0.096	0.077	0.153	0.247	0.389	0.563	0.276	0.344	0.260	0.247	0.415	0.283	0.311	0.260	0.385	0.489	0.400	0.473	0.394	0.215	0.364	0.273	0.617	0.517	0.458	0.551	0.234
0.541	0.442	0.651	0.523	0.438	0.424	0.320	0.282	0.426	0.542	0.598	0.209	0.348	0.220	0.322	0.345	0.089	0.187	0.119	0.255	0.182	0.212	0.161	0.089	0.071	0.079	0.184	0.263	0.444	0.453	0.486	0.708	0.355	0.295	0.300	0.085	0.338	0.387	0.508	0.702	0.629	0.687	1.094	0.823	0.550	0.365	0.243	0.242	0.394	0.343	0.075	0.139	0.037	0.121	0.196	0.250	0.431	0.442	0.289	0.243	0.354	0.186	0.146	0.192	0.284	0.406	0.581	0.278	0.198	0.176	0.255	0.236	0.205	0.462	0.304	0.397	0.536	0.542	0.247	0.477	0.337	0.384	0.622	0.654	0.338	0.376	0.207	0.236	0.348	0.216	0.216	0.231	0.224	0.477	0.306	0.386	0.420	0.582	0.540	0.343	0.289	0.230	0.277	0.382	0.327	0.376	0.377	0.509	0.309	0.244	0.079	0.124	0.135	0.230	0.372	0.402	0.324	0.511	0.407	0.146	0.259	0.219	0.247	0.170	0.408	0.282	0.268	0.493	0.347	0.248	0.353	0.307	0.453	0.353	0.394	0.384	0.228
0.894	0.831	0.870	0.782	0.635	0.655	0.462	0.689	0.696	0.804	0.903	0.522	0.465	0.422	0.508	0.372	0.238	0.294	0.382	0.622	0.523	0.380	0.346	0.204	0.324	0.295	0.363	0.563	0.601	0.662	0.640	0.850	0.623	0.429	0.485	0.332	0.653	0.807	0.825	0.896	0.702	0.697	0.823	1.891	1.000	1.053	0.700	0.432	0.567	0.452	0.158	0.266	0.126	0.412	0.673	0.529	0.586	0.462	0.314	0.356	0.391	0.318	0.240	0.285	0.582	0.695	0.794	0.436	0.297	0.525	0.524	0.482	0.614	0.736	0.630	0.833	0.692	0.810	0.626	0.818	0.669	0.578	0.775	0.947	0.520	0.573	0.454	0.485	0.607	0.230	0.230	0.329	0.222	0.771	0.432	0.614	0.608	0.561	0.552	0.414	0.461	0.370	0.600	0.737	0.623	0.713	0.538	0.748	0.399	0.451	0.160	0.157	0.234	0.328	0.478	0.795	0.772	0.977	0.639	0.238	0.379	0.444	0.463	0.437	0.558	0.535	0.647	0.849	0.700	0.608	0.609	0.460	0.532	0.440	0.420	0.466	0.327
0.714	0.727	0.655	0.654	0.386	0.454	0.272	0.550	0.787	1.067	0.866	0.639	0.482	0.320	0.305	0.314	0.266	0.208	0.246	0.534	0.472	0.334	0.307	0.238	0.407	0.330	0.275	0.330	0.367	0.554	0.545	0.723	0.585	0.401	0.461	0.225	0.580	0.741	0.735	0.727	0.473	0.516	0.550	1.000	1.473	1.084	0.668	0.330	0.246	0.204	0.111	0.175	0.123	0.344	0.473	0.405	0.414	0.394	0.250	0.204	0.525	0.453	0.313	0.460	0.551	0.587	0.788	0.602	0.388	0.397	0.397	0.339	0.383	0.569	0.651	0.585	0.500	0.595	0.162	0.662	0.339	0.316	0.605	0.663	0.418	0.511	0.330	0.461	0.645	0.232	0.232	0.347	0.173	0.763	0.428	0.668	0.498	0.301	0.318	0.250	0.250	0.181	0.478	0.662	0.634	0.639	0.231	0.554	0.268	0.211	0.089	0.102	0.219	0.208	0.411	0.639	0.499	0.986	0.568	0.377	0.321	0.332	0.382	0.327	0.466	0.500	0.459	0.761	0.598	0.580	0.551	0.333	0.397	0.348	0.195	0.077	0.214
0.898	0.850	0.711	0.684	0.425	0.429	0.357	0.776	0.983	1.117	0.918	0.835	0.535	0.470	0.361	0.370	0.232	0.273	0.348	0.575	0.458	0.332	0.335	0.286	0.637	0.462	0.568	0.555	0.592	0.590	0.582	0.682	0.326	0.517	0.275	0.289	0.661	0.747	0.633	0.544	0.480	0.475	0.365	1.053	1.084	1.669	1.010	0.624	0.632	0.479	0.144	0.354	0.301	0.493	0.526	0.336	0.375	0.359	0.146	0.227	0.356	0.444	0.363	0.316	0.700	0.829	0.807	0.577	0.489	0.404	0.453	0.471	0.625	0.741	0.802	0.780	0.776	0.744	0.509	0.765	0.517	0.419	0.536	0.793	0.311	0.447	0.318	0.322	0.485	0.096	0.096	0.240	0.085	0.666	0.318	0.581	0.601	0.385	0.526	0.479	0.526	0.498	0.911	0.911	0.829	0.809	0.402	0.637	0.295	0.407	0.175	0.114	0.304	0.311	0.508	0.881	0.741	1.135	0.382	0.265	0.261	0.351	0.426	0.325	0.401	0.421	0.632	0.729	0.490	0.679	0.508	0.480	0.497	0.497	0.345	0.368	0.465
0.630	0.570	0.515	0.347	0.201	0.217	0.133	0.428	0.758	0.812	0.691	0.764	0.576	0.243	0.397	0.387	0.190	0.184	0.142	0.227	0.229	0.149	0.110	0.254	0.506	0.443	0.790	0.716	0.753	0.466	0.359	0.319	0.069	0.293	0.148	0.112	0.462	0.434	0.426	0.517	0.553	0.507	0.243	0.700	0.668	1.010	1.351	0.915	0.770	0.517	0.130	0.248	0.294	0.230	0.500	0.296	0.153	0.445	0.176	0.195	0.369	0.456	0.349	0.302	0.504	0.637	0.490	0.296	0.265	0.196	0.517	0.400	0.491	0.626	0.769	0.704	0.535	0.540	0.310	0.541	0.346	0.200	0.283	0.306	0.091	0.278	0.158	0.148	0.168	0.064	0.064	0.158	0.069	0.200	0.158	0.356	0.423	0.546	0.681	0.553	0.748	0.423	0.637	0.540	0.540	0.555	0.242	0.453	0.201	0.329	0.112	0.091	0.200	0.209	0.499	0.948	0.487	0.675	0.209	0.139	0.158	0.251	0.351	0.225	0.289	0.303	0.263	0.397	0.190	0.265	0.333	0.433	0.675	0.675	0.281	0.511	0.342
0.518	0.488	0.552	0.392	0.249	0.240	0.108	0.394	0.674	0.572	0.518	0.617	0.568	0.239	0.386	0.317	0.089	0.205	0.137	0.276	0.273	0.192	0.142	0.235	0.412	0.389	0.699	0.615	0.606	0.417	0.312	0.249	0.153	0.231	0.053	0.062	0.398	0.220	0.235	0.273	0.353	0.360	0.242	0.432	0.330	0.624	0.915	1.158	0.764	0.508	0.121	0.288	0.334	0.288	0.517	0.351	0.202	0.442	0.260	0.234	0.454	0.453	0.294	0.294	0.357	0.508	0.381	0.334	0.184	0.180	0.377	0.309	0.346	0.492	0.634	0.607	0.556	0.494	0.547	0.448	0.402	0.153	0.184	0.340	0.071	0.292	0.143	0.053	0.071	0.053	0.053	0.062	0.053	0.219	0.149	0.258	0.373	0.499	0.633	0.462	0.658	0.405	0.487	0.397	0.347	0.384	0.302	0.409	0.155	0.282	0.143	0.071	0.282	0.247	0.491	0.955	0.563	0.576	0.260	0.045	0.171	0.174	0.177	0.212	0.206	0.224	0.308	0.295	0.262	0.279	0.382	0.517	0.664	0.664	0.312	0.551	0.348
