3.079	2.738	2.227	1.236	0.856	0.566	0.142	0.354	0.263	0.275	0.241	0.314	0.119	0.684	0.989	1.149	1.071	0.845	1.167	0.932	0.875	0.569	0.682	0.972	0.219	0.611	0.219	0.383	0.219	0.383	0.219	0.103	0.219	0.354	0.487	0.858	1.384	1.539	1.240	0.763	0.718	0.728	0.882	0.776	0.410	0.241	0.263	0.372	0.372	0.554	0.536	0.439	0.536	0.557	0.626	0.297	0.450	0.219	0.332	0.645	0.589	1.434	0.875	0.751	1.291	1.168	1.387	1.510	1.215	1.234	0.666	0.626	0.858	0.903	0.882	1.397	0.913	1.493	0.625	0.591	0.836	0.427	0.275	0.856	0.921	1.277	1.018	0.995	0.500	0.525	0.531	0.713	0.636	0.927	0.750	0.591	0.569	0.407	0.554	0.819	0.536	0.354	0.819	1.168	1.387	1.527	1.660	1.881	1.932	1.350	0.819	0.632	0.405	0.119	0.258	0.332	0.388	0.185	0.219	0.648	0.949	0.822	0.763	1.143	1.613	1.748	0.659	0.541	0.292	0.297	0.275	0.241	0.268	0.268	0.630	1.061	1.313
2.738	3.447	2.629	1.570	1.406	0.843	0.142	0.449	0.359	0.280	0.280	0.280	0.176	0.525	0.994	1.210	1.076	1.088	1.444	0.902	0.845	0.687	0.687	0.937	0.314	0.650	0.314	0.349	0.439	0.349	0.314	0.142	0.314	0.449	0.583	0.829	1.537	1.908	1.358	0.949	0.870	0.971	1.034	1.088	0.653	0.484	0.359	0.615	0.525	0.650	0.609	0.439	0.609	0.687	0.812	0.393	0.909	0.314	0.449	0.741	0.706	1.313	0.936	0.778	1.352	1.355	1.505	1.787	1.367	1.443	1.000	0.778	1.226	1.112	1.091	1.674	1.156	1.770	0.686	0.869	1.022	0.484	0.314	0.860	0.960	1.611	1.170	1.182	0.687	0.586	0.501	0.683	0.731	1.170	0.845	0.687	0.812	0.741	0.797	1.027	0.449	0.484	0.915	1.263	1.756	1.589	1.812	2.158	2.118	1.537	1.027	0.818	0.557	0.176	0.349	0.484	0.484	0.223	0.405	0.778	1.136	1.065	1.040	1.386	1.765	1.844	0.845	0.784	0.349	0.484	0.314	0.280	0.268	0.268	0.596	0.936	1.352
2.227	2.629	3.209	1.514	1.475	1.184	0.119	0.280	0.280	0.383	0.235	0.383	0.142	0.615	0.972	1.370	1.144	1.009	1.353	0.845	0.880	0.596	0.505	0.846	0.383	0.480	0.258	0.314	0.280	0.314	0.258	0.119	0.383	0.496	0.742	0.841	1.389	1.920	1.244	1.040	0.995	0.971	1.068	1.100	0.665	0.302	0.280	0.411	0.446	0.446	0.427	0.292	0.427	0.755	0.903	0.575	0.852	0.383	0.518	0.684	0.627	1.257	1.061	0.812	1.204	1.207	1.358	1.765	1.470	1.364	1.068	0.562	1.022	0.999	1.000	1.526	1.042	1.384	0.573	0.665	0.909	0.552	0.292	0.872	0.915	1.498	1.182	1.228	0.755	0.689	0.695	0.786	0.925	1.182	0.857	0.733	0.630	0.559	0.684	0.971	0.518	0.575	0.893	1.297	1.756	1.475	1.483	2.011	1.789	1.605	0.789	0.727	0.284	0.142	0.405	0.302	0.336	0.201	0.258	0.733	1.204	1.008	0.767	1.329	1.526	1.730	0.585	0.705	0.314	0.336	0.292	0.235	0.302	0.302	0.630	0.971	1.386
1.236	1.570	1.514	2.002	1.177	0.739	0.047	0.119	0.210	0.383	0.163	0.311	0.119	0.251	0.436	0.743	0.431	0.313	0.743	0.447	0.603	0.479	0.276	0.317	0.163	0.351	0.235	0.163	0.163	0.163	0.235	0.119	0.235	0.276	0.332	0.436	0.835	1.116	0.691	0.551	0.753	0.729	0.792	0.517	0.357	0.185	0.185	0.229	0.229	0.229	0.210	0.163	0.210	0.539	0.539	0.333	0.488	0.235	0.371	0.464	0.408	0.705	0.606	0.448	0.584	0.563	0.772	1.172	1.013	0.907	0.883	0.323	0.564	0.411	0.761	0.627	0.598	0.580	0.275	0.357	0.486	0.298	0.235	0.468	0.573	1.059	0.725	0.761	0.665	0.341	0.495	0.439	0.430	0.840	0.435	0.391	0.391	0.442	0.555	0.819	0.518	0.480	0.664	0.865	0.890	1.190	0.947	1.077	0.894	0.637	0.378	0.175	0.276	0.119	0.163	0.185	0.185	0.144	0.163	0.604	0.709	0.636	0.668	0.741	1.059	1.052	0.344	0.323	0.258	0.185	0.235	0.163	0.085	0.085	0.185	0.328	0.709
0.856	1.406	1.475	1.177	1.838	1.017	0.267	0.358	0.267	0.147	0.097	0.147	0.103	0.175	0.397	0.635	0.517	0.400	0.579	0.408	0.351	0.169	0.215	0.431	0.163	0.154	0.147	0.219	0.147	0.219	0.147	0.047	0.147	0.407	0.332	0.232	0.819	0.878	0.367	0.199	0.336	0.311	0.353	0.497	0.282	0.103	0.316	0.360	0.425	0.212	0.259	0.147	0.259	0.660	0.535	0.241	0.415	0.147	0.259	0.391	0.303	0.539	0.533	0.409	0.539	0.546	0.731	0.974	0.758	0.949	0.719	0.351	0.395	0.367	0.516	0.588	0.502	0.594	0.384	0.556	0.573	0.479	0.147	0.615	0.556	0.741	0.614	0.516	0.431	0.136	0.234	0.177	0.225	0.720	0.624	0.375	0.375	0.360	0.409	0.509	0.194	0.194	0.591	0.575	0.549	0.650	0.533	0.981	0.691	1.037	0.457	0.356	0.284	0.103	0.219	0.194	0.194	0.056	0.097	0.522	0.692	0.529	0.486	0.725	0.974	0.849	0.474	0.385	0.219	0.103	0.147	0.097	0.043	0.043	0.249	0.499	0.708
0.566	0.843	1.184	0.739	1.017	1.548	0.267	0.358	0.267	0.113	0.097	0.113	0.069	0.104	0.288	0.583	0.409	0.336	0.306	0.223	0.167	0.094	0.060	0.185	0.113	0.120	0.113	0.113	0.113	0.113	0.113	0.047	0.220	0.480	0.387	0.179	0.801	0.566	0.379	0.220	0.359	0.334	0.335	0.552	0.355	0.069	0.282	0.326	0.351	0.138	0.185	0.113	0.185	0.465	0.423	0.314	0.436	0.220	0.282	0.351	0.326	0.435	0.435	0.374	0.469	0.619	0.440	0.718	0.467	0.634	0.576	0.276	0.377	0.263	0.391	0.388	0.398	0.394	0.309	0.579	0.555	0.502	0.113	0.398	0.482	0.598	0.596	0.498	0.363	0.135	0.107	0.176	0.280	0.544	0.730	0.480	0.283	0.235	0.318	0.344	0.160	0.160	0.464	0.437	0.458	0.485	0.583	0.600	0.582	0.774	0.146	0.210	0.056	0.069	0.144	0.160	0.160	0.022	0.097	0.398	0.475	0.325	0.282	0.510	0.734	0.779	0.372	0.335	0.144	0.069	0.113	0.097	0.060	0.060	0.185	0.348	0.436
0.142	0.142	0.119	0.047	0.267	0.267	0.267	0.267	0.176	0.006	0.006	0.006	0.003	0.014	0.069	0.103	0.079	0.079	0.054	0.021	0.021	0.017	0.017	0.017	0.006	0.014	0.006	0.006	0.006	0.006	0.006	0.003	0.006	0.267	0.176	0.036	0.176	0.103	0.054	0.036	0.026	0.021	0.026	0.267	0.142	0.010	0.267	0.267	0.267	0.014	0.010	0.006	0.010	0.176	0.017	0.010	0.026	0.006	0.010	0.014	0.014	0.047	0.021	0.017	0.036	0.061	0.054	0.061	0.041	0.267	0.026	0.017	0.079	0.103	0.026	0.142	0.047	0.061	0.176	0.267	0.267	0.267	0.006	0.267	0.267	0.079	0.176	0.026	0.017	0.031	0.031	0.031	0.036	0.036	0.267	0.017	0.017	0.014	0.014	0.021	0.010	0.010	0.267	0.119	0.054	0.061	0.054	0.103	0.069	0.089	0.021	0.026	0.017	0.003	0.006	0.010	0.010	0.006	0.006	0.176	0.267	0.103	0.036	0.176	0.267	0.267	0.267	0.176	0.006	0.010	0.006	0.006	0.010	0.010	0.017	0.021	0.036
0.354	0.449	0.280	0.119	0.358	0.358	0.267	0.700	0.352	0.183	0.183	0.020	0.010	0.043	0.174	0.174	0.199	0.195	0.323	0.214	0.123	0.205	0.055	0.055	0.183	0.106	0.183	0.020	0.183	0.020	0.183	0.176	0.183	0.443	0.254	0.114	0.403	0.211	0.174	0.079	0.059	0.123	0.075	0.474	0.575	0.352	0.352	0.609	0.356	0.197	0.031	0.020	0.031	0.205	0.055	0.031	0.368	0.183	0.190	0.043	0.197	0.205	0.214	0.055	0.243	0.317	0.281	0.346	0.129	0.378	0.132	0.080	0.330	0.181	0.082	0.250	0.152	0.494	0.364	0.700	0.459	0.281	0.183	0.464	0.450	0.314	0.378	0.132	0.080	0.098	0.098	0.098	0.114	0.243	0.364	0.114	0.269	0.356	0.447	0.364	0.190	0.099	0.378	0.242	0.305	0.296	0.281	0.411	0.320	0.226	0.068	0.075	0.055	0.010	0.020	0.443	0.443	0.092	0.439	0.269	0.378	0.191	0.079	0.287	0.345	0.387	0.305	0.609	0.020	0.352	0.183	0.183	0.031	0.031	0.055	0.068	0.114
0.263	0.359	0.280	0.210	0.267	0.267	0.176	0.352	0.700	0.273	0.273	0.020	0.010	0.043	0.192	0.282	0.219	0.334	0.372	0.305	0.214	0.296	0.055	0.055	0.273	0.197	0.273	0.020	0.020	0.020	0.273	0.267	0.273	0.443	0.186	0.066	0.432	0.211	0.133	0.170	0.150	0.214	0.166	0.512	0.325	0.190	0.352	0.356	0.356	0.288	0.031	0.020	0.031	0.114	0.055	0.031	0.223	0.273	0.281	0.043	0.288	0.115	0.455	0.205	0.343	0.387	0.372	0.387	0.220	0.378	0.223	0.080	0.334	0.219	0.223	0.397	0.142	0.278	0.364	0.360	0.459	0.190	0.273	0.464	0.450	0.425	0.378	0.223	0.171	0.044	0.055	0.055	0.055	0.334	0.364	0.205	0.205	0.288	0.288	0.305	0.281	0.031	0.305	0.427	0.396	0.387	0.487	0.445	0.411	0.432	0.214	0.221	0.041	0.010	0.020	0.190	0.190	0.183	0.273	0.269	0.378	0.354	0.305	0.518	0.474	0.494	0.214	0.461	0.020	0.190	0.273	0.273	0.031	0.031	0.055	0.068	0.114
0.275	0.280	0.383	0.383	0.147	0.113	0.006	0.183	0.273	0.530	0.270	0.270	0.006	0.152	0.192	0.333	0.177	0.214	0.317	0.285	0.439	0.439	0.036	0.036	0.270	0.186	0.270	0.013	0.013	0.013	0.270	0.267	0.270	0.273	0.107	0.122	0.262	0.206	0.170	0.135	0.125	0.194	0.142	0.305	0.281	0.183	0.183	0.186	0.186	0.277	0.020	0.013	0.020	0.190	0.190	0.183	0.292	0.270	0.273	0.028	0.277	0.165	0.285	0.036	0.299	0.353	0.405	0.530	0.405	0.349	0.439	0.036	0.251	0.085	0.053	0.228	0.097	0.234	0.285	0.190	0.289	0.020	0.270	0.294	0.281	0.342	0.299	0.199	0.156	0.106	0.203	0.117	0.111	0.383	0.194	0.190	0.190	0.277	0.277	0.530	0.530	0.273	0.299	0.439	0.314	0.530	0.405	0.366	0.292	0.262	0.044	0.142	0.036	0.006	0.013	0.183	0.183	0.179	0.270	0.190	0.208	0.185	0.135	0.208	0.085	0.177	0.138	0.199	0.013	0.183	0.270	0.270	0.020	0.020	0.036	0.044	0.174
0.241	0.280	0.235	0.163	0.097	0.097	0.006	0.183	0.273	0.270	0.530	0.270	0.006	0.028	0.111	0.144	0.177	0.214	0.317	0.285	0.194	0.281	0.036	0.036	0.270	0.186	0.270	0.013	0.013	0.013	0.270	0.267	0.270	0.273	0.107	0.122	0.262	0.262	0.192	0.135	0.125	0.194	0.142	0.305	0.281	0.183	0.183	0.186	0.186	0.277	0.020	0.013	0.020	0.036	0.036	0.020	0.199	0.270	0.273	0.028	0.277	0.122	0.285	0.036	0.299	0.325	0.439	0.325	0.179	0.208	0.199	0.036	0.251	0.141	0.053	0.206	0.147	0.349	0.405	0.190	0.405	0.020	0.270	0.294	0.281	0.405	0.383	0.349	0.156	0.294	0.117	0.294	0.299	0.439	0.349	0.349	0.190	0.277	0.277	0.285	0.273	0.020	0.073	0.220	0.226	0.366	0.317	0.439	0.242	0.234	0.044	0.142	0.036	0.006	0.013	0.183	0.183	0.179	0.270	0.190	0.349	0.314	0.366	0.349	0.214	0.199	0.044	0.199	0.013	0.183	0.270	0.530	0.148	0.148	0.190	0.285	0.299
0.314	0.280	0.383	0.311	0.147	0.113	0.006	0.020	0.020	0.270	0.270	0.530	0.006	0.152	0.192	0.333	0.258	0.085	0.111	0.044	0.285	0.190	0.036	0.036	0.013	0.028	0.013	0.013	0.013	0.013	0.013	0.006	0.013	0.020	0.144	0.189	0.189	0.292	0.258	0.073	0.053	0.044	0.053	0.085	0.036	0.020	0.020	0.028	0.028	0.028	0.020	0.013	0.020	0.190	0.190	0.183	0.142	0.013	0.020	0.028	0.028	0.122	0.044	0.036	0.073	0.147	0.314	0.325	0.305	0.208	0.289	0.036	0.165	0.141	0.053	0.258	0.147	0.234	0.160	0.036	0.164	0.020	0.013	0.063	0.036	0.217	0.152	0.199	0.036	0.342	0.262	0.353	0.342	0.292	0.194	0.190	0.036	0.028	0.028	0.285	0.273	0.273	0.299	0.311	0.192	0.366	0.192	0.275	0.185	0.147	0.044	0.053	0.036	0.006	0.013	0.020	0.020	0.013	0.013	0.036	0.208	0.220	0.299	0.208	0.214	0.258	0.138	0.053	0.013	0.020	0.013	0.270	0.148	0.148	0.190	0.285	0.405
0.119	0.176	0.142	0.119	0.103	0.069	0.003	0.010	0.010	0.006	0.006	0.006	0.267	0.014	0.267	0.069	0.119	0.041	0.054	0.021	0.021	0.017	0.017	0.017	0.006	0.014	0.267	0.267	0.267	0.267	0.267	0.003	0.006	0.010	0.041	0.036	0.061	0.089	0.054	0.103	0.026	0.021	0.026	0.079	0.017	0.176	0.176	0.176	0.176	0.014	0.010	0.006	0.010	0.017	0.017	0.010	0.176	0.006	0.010	0.014	0.014	0.047	0.021	0.017	0.036	0.267	0.267	0.267	0.267	0.267	0.176	0.267	0.267	0.041	0.026	0.089	0.103	0.061	0.176	0.267	0.267	0.010	0.006	0.031	0.017	0.069	0.036	0.026	0.017	0.031	0.031	0.031	0.036	0.119	0.021	0.017	0.176	0.176	0.014	0.267	0.010	0.010	0.103	0.119	0.054	0.061	0.054	0.142	0.176	0.061	0.021	0.026	0.017	0.267	0.267	0.267	0.010	0.006	0.006	0.017	0.176	0.176	0.036	0.036	0.267	0.267	0.267	0.026	0.267	0.010	0.006	0.006	0.142	0.142	0.176	0.176	0.267
0.684	0.525	0.615	0.251	0.175	0.104	0.014	0.043	0.043	0.152	0.028	0.152	0.014	0.832	0.618	0.486	0.478	0.183	0.159	0.075	0.254	0.096	0.062	0.096	0.277	0.059	0.028	0.152	0.028	0.152	0.028	0.014	0.028	0.043	0.134	0.259	0.178	0.347	0.231	0.207	0.114	0.094	0.114	0.183	0.076	0.043	0.043	0.059	0.059	0.059	0.043	0.028	0.043	0.096	0.246	0.072	0.067	0.028	0.043	0.059	0.059	0.337	0.200	0.337	0.284	0.399	0.402	0.353	0.295	0.375	0.214	0.076	0.117	0.183	0.123	0.365	0.109	0.207	0.075	0.076	0.089	0.043	0.028	0.143	0.076	0.132	0.098	0.114	0.076	0.157	0.163	0.197	0.162	0.227	0.109	0.096	0.096	0.059	0.174	0.345	0.321	0.163	0.246	0.308	0.525	0.542	0.368	0.520	0.395	0.490	0.254	0.352	0.023	0.014	0.277	0.043	0.043	0.028	0.028	0.076	0.249	0.178	0.082	0.158	0.173	0.478	0.163	0.173	0.028	0.043	0.028	0.028	0.163	0.163	0.582	0.495	0.475
0.989	0.994	0.972	0.436	0.397	0.288	0.069	0.174	0.192	0.192	0.111	0.192	0.267	0.618	1.642	1.224	1.279	0.994	0.714	0.297	0.338	0.280	0.246	0.280	0.111	0.061	0.317	0.405	0.317	0.405	0.317	0.054	0.120	0.192	0.210	0.200	0.475	0.592	0.383	0.291	0.207	0.269	0.280	0.449	0.173	0.281	0.289	0.340	0.340	0.243	0.192	0.144	0.192	0.308	0.304	0.164	0.304	0.120	0.174	0.271	0.243	0.529	0.443	0.486	0.472	0.657	0.769	0.709	0.738	0.786	0.415	0.371	0.438	0.210	0.298	0.756	0.363	0.454	0.395	0.496	0.543	0.228	0.120	0.328	0.298	0.442	0.343	0.246	0.193	0.134	0.197	0.232	0.193	0.422	0.261	0.189	0.377	0.340	0.306	0.627	0.361	0.246	0.434	0.652	0.626	0.744	0.773	0.694	0.841	0.657	0.429	0.213	0.050	0.267	0.317	0.372	0.174	0.029	0.111	0.137	0.472	0.333	0.200	0.411	0.705	0.966	0.536	0.116	0.333	0.083	0.120	0.111	0.246	0.246	0.575	0.627	0.838
1.149	1.210	1.370	0.743	0.635	0.583	0.103	0.174	0.282	0.333	0.144	0.333	0.069	0.486	1.224	2.222	1.299	1.225	1.110	0.550	0.671	0.483	0.210	0.496	0.169	0.316	0.144	0.169	0.169	0.169	0.144	0.069	0.169	0.282	0.318	0.563	1.016	0.808	0.678	0.269	0.229	0.386	0.541	0.447	0.314	0.241	0.241	0.334	0.320	0.407	0.429	0.366	0.429	0.610	0.446	0.338	0.484	0.169	0.241	0.538	0.350	0.741	0.689	0.480	0.529	0.857	0.769	1.414	0.903	0.905	0.648	0.502	0.706	0.523	0.427	1.176	0.454	0.670	0.279	0.348	0.467	0.479	0.333	0.500	0.574	0.636	0.581	0.575	0.387	0.195	0.418	0.384	0.284	0.615	0.382	0.258	0.258	0.243	0.374	0.598	0.429	0.338	0.633	0.925	0.894	1.068	1.201	1.024	0.984	0.891	0.421	0.298	0.098	0.069	0.169	0.150	0.338	0.242	0.169	0.422	0.559	0.545	0.429	0.745	0.920	1.089	0.416	0.520	0.333	0.338	0.333	0.144	0.116	0.116	0.478	0.459	0.870
1.071	1.076	1.144	0.431	0.517	0.409	0.079	0.199	0.219	0.177	0.177	0.258	0.119	0.478	1.279	1.299	1.815	1.060	1.103	0.418	0.413	0.293	0.316	0.380	0.127	0.127	0.177	0.292	0.177	0.292	0.177	0.061	0.136	0.219	0.178	0.247	0.523	0.582	0.464	0.226	0.276	0.325	0.366	0.342	0.218	0.149	0.158	0.217	0.217	0.217	0.249	0.195	0.249	0.275	0.309	0.158	0.202	0.136	0.199	0.329	0.279	0.538	0.543	0.639	0.667	0.666	0.941	0.734	0.733	0.679	0.481	0.311	0.588	0.223	0.388	0.894	0.414	0.627	0.288	0.384	0.447	0.278	0.177	0.519	0.373	0.467	0.333	0.475	0.168	0.129	0.136	0.227	0.202	0.521	0.395	0.309	0.289	0.217	0.365	0.504	0.346	0.240	0.355	0.647	0.742	0.791	0.889	0.833	0.979	0.700	0.588	0.384	0.118	0.119	0.177	0.240	0.240	0.086	0.127	0.203	0.558	0.449	0.333	0.549	0.753	0.922	0.322	0.206	0.258	0.149	0.177	0.177	0.187	0.187	0.731	0.692	1.101
0.845	1.088	1.009	0.313	0.400	0.336	0.079	0.195	0.334	0.214	0.214	0.085	0.041	0.183	0.994	1.225	1.060	1.520	0.972	0.676	0.504	0.346	0.220	0.485	0.214	0.361	0.214	0.085	0.085	0.085	0.214	0.176	0.251	0.334	0.201	0.322	0.775	0.560	0.449	0.153	0.171	0.344	0.408	0.491	0.274	0.163	0.195	0.232	0.232	0.452	0.377	0.342	0.377	0.308	0.095	0.157	0.202	0.251	0.286	0.456	0.366	0.480	0.648	0.277	0.481	0.427	0.469	0.712	0.490	0.663	0.408	0.329	0.442	0.219	0.277	0.672	0.301	0.643	0.396	0.308	0.555	0.425	0.439	0.625	0.796	0.639	0.630	0.712	0.312	0.079	0.086	0.177	0.151	0.352	0.303	0.217	0.272	0.323	0.323	0.316	0.254	0.132	0.272	0.529	0.628	0.746	0.901	0.628	0.809	0.655	0.316	0.111	0.052	0.041	0.085	0.163	0.383	0.349	0.214	0.437	0.538	0.337	0.188	0.448	0.549	0.626	0.300	0.236	0.305	0.383	0.439	0.214	0.132	0.132	0.239	0.397	0.629
1.167	1.444	1.353	0.743	0.579	0.306	0.054	0.323	0.372	0.317	0.317	0.111	0.054	0.159	0.714	1.110	1.103	0.972	2.058	1.023	0.809	0.560	0.682	0.724	0.366	0.653	0.317	0.170	0.153	0.170	0.317	0.267	0.317	0.372	0.262	0.429	0.830	0.644	0.560	0.560	0.521	0.729	0.792	0.607	0.593	0.323	0.281	0.374	0.374	0.580	0.414	0.317	0.414	0.429	0.282	0.117	0.441	0.317	0.430	0.481	0.481	0.874	0.859	0.445	0.674	0.800	0.696	1.016	0.717	0.827	0.554	0.445	0.740	0.466	0.610	0.808	0.471	0.904	0.406	0.429	0.463	0.372	0.530	0.637	0.940	0.745	0.793	0.850	0.575	0.186	0.249	0.249	0.245	0.706	0.507	0.446	0.388	0.374	0.523	0.531	0.414	0.323	0.542	1.202	1.043	1.211	1.191	1.167	1.127	0.948	0.571	0.338	0.248	0.054	0.153	0.323	0.536	0.439	0.366	0.700	0.793	0.562	0.503	0.797	0.899	0.830	0.202	0.610	0.317	0.536	0.530	0.317	0.082	0.082	0.332	0.456	0.912
0.932	0.902	0.845	0.447	0.408	0.223	0.021	0.214	0.305	0.285	0.285	0.044	0.021	0.075	0.297	0.550	0.418	0.676	1.023	1.334	0.998	0.508	0.623	0.599	0.285	0.471	0.285	0.160	0.044	0.160	0.285	0.267	0.285	0.305	0.165	0.358	0.565	0.573	0.347	0.349	0.305	0.415	0.569	0.526	0.347	0.214	0.214	0.234	0.234	0.471	0.305	0.285	0.305	0.256	0.222	0.068	0.306	0.285	0.420	0.436	0.436	0.749	0.848	0.362	0.887	0.662	0.689	0.981	0.801	0.786	0.434	0.453	0.459	0.361	0.400	0.504	0.374	0.726	0.346	0.256	0.366	0.305	0.530	0.646	0.689	0.482	0.510	0.535	0.362	0.111	0.122	0.122	0.141	0.510	0.381	0.362	0.362	0.325	0.325	0.371	0.305	0.068	0.165	0.719	0.733	0.805	0.905	0.841	0.773	0.662	0.199	0.218	0.142	0.021	0.044	0.214	0.455	0.439	0.285	0.488	0.319	0.299	0.224	0.364	0.397	0.383	0.199	0.378	0.285	0.455	0.530	0.285	0.068	0.068	0.131	0.381	0.752
0.875	0.845	0.880	0.603	0.351	0.167	0.021	0.123	0.214	0.439	0.194	0.285	0.021	0.254	0.338	0.671	0.413	0.504	0.809	0.998	1.369	0.692	0.508	0.306	0.194	0.471	0.194	0.194	0.044	0.194	0.194	0.176	0.194	0.214	0.290	0.392	0.599	0.607	0.382	0.258	0.214	0.324	0.478	0.435	0.256	0.123	0.123	0.143	0.143	0.380	0.214	0.194	0.214	0.306	0.397	0.214	0.287	0.194	0.364	0.380	0.380	0.839	0.882	0.488	0.786	0.730	0.936	1.221	1.061	0.956	0.569	0.362	0.493	0.330	0.434	0.504	0.440	0.653	0.280	0.165	0.306	0.214	0.439	0.511	0.488	0.494	0.479	0.344	0.271	0.236	0.333	0.247	0.266	0.639	0.324	0.306	0.306	0.234	0.234	0.506	0.455	0.305	0.406	0.967	0.848	0.947	1.027	0.819	0.914	0.533	0.189	0.162	0.092	0.021	0.044	0.123	0.364	0.439	0.194	0.397	0.273	0.309	0.167	0.273	0.397	0.504	0.373	0.287	0.194	0.455	0.439	0.194	0.068	0.068	0.165	0.280	0.695
0.569	0.687	0.596	0.479	0.169	0.094	0.017	0.205	0.296	0.439	0.281	0.190	0.017	0.096	0.280	0.483	0.293	0.346	0.560	0.508	0.692	1.119	0.408	0.238	0.281	0.221	0.281	0.036	0.036	0.036	0.281	0.267	0.281	0.296	0.148	0.143	0.350	0.319	0.258	0.222	0.190	0.306	0.229	0.363	0.329	0.205	0.205	0.221	0.221	0.312	0.055	0.036	0.055	0.147	0.147	0.114	0.263	0.281	0.450	0.221	0.462	0.461	0.488	0.238	0.537	0.447	0.565	0.913	0.677	0.571	0.411	0.113	0.421	0.458	0.551	0.544	0.225	0.363	0.347	0.238	0.367	0.055	0.281	0.388	0.329	0.483	0.411	0.276	0.204	0.109	0.206	0.120	0.132	0.389	0.256	0.238	0.238	0.312	0.312	0.488	0.450	0.205	0.442	0.718	0.599	0.788	0.869	0.717	0.846	0.447	0.165	0.219	0.074	0.017	0.036	0.205	0.205	0.190	0.281	0.238	0.320	0.339	0.222	0.442	0.255	0.436	0.306	0.263	0.036	0.205	0.281	0.281	0.055	0.055	0.098	0.122	0.446
0.682	0.687	0.505	0.276	0.215	0.060	0.017	0.055	0.055	0.036	0.036	0.036	0.017	0.062	0.246	0.210	0.316	0.220	0.682	0.623	0.508	0.408	0.994	0.590	0.036	0.076	0.036	0.156	0.036	0.156	0.036	0.017	0.036	0.055	0.114	0.109	0.229	0.307	0.223	0.156	0.112	0.165	0.128	0.157	0.098	0.055	0.055	0.076	0.076	0.076	0.055	0.036	0.055	0.098	0.204	0.055	0.147	0.036	0.205	0.221	0.221	0.464	0.362	0.349	0.547	0.402	0.415	0.534	0.423	0.317	0.147	0.113	0.189	0.297	0.517	0.328	0.246	0.188	0.097	0.098	0.116	0.055	0.036	0.171	0.204	0.299	0.138	0.242	0.098	0.075	0.086	0.086	0.098	0.261	0.131	0.113	0.113	0.076	0.076	0.122	0.055	0.055	0.097	0.379	0.393	0.374	0.565	0.665	0.558	0.681	0.508	0.094	0.369	0.017	0.036	0.055	0.055	0.036	0.036	0.098	0.161	0.175	0.187	0.195	0.255	0.220	0.090	0.128	0.036	0.055	0.036	0.036	0.055	0.055	0.113	0.362	0.637
0.972	0.937	0.846	0.317	0.431	0.185	0.017	0.055	0.055	0.036	0.036	0.036	0.017	0.096	0.280	0.496	0.380	0.485	0.724	0.599	0.306	0.238	0.590	1.210	0.036	0.371	0.036	0.190	0.036	0.190	0.036	0.017	0.036	0.055	0.148	0.356	0.629	0.626	0.371	0.205	0.147	0.122	0.367	0.248	0.098	0.055	0.055	0.076	0.076	0.462	0.541	0.530	0.541	0.238	0.238	0.055	0.147	0.036	0.055	0.553	0.312	0.571	0.488	0.238	0.537	0.538	0.484	0.471	0.460	0.442	0.276	0.329	0.261	0.422	0.367	0.510	0.282	0.552	0.131	0.098	0.151	0.296	0.281	0.522	0.474	0.333	0.295	0.411	0.238	0.109	0.120	0.120	0.132	0.320	0.165	0.147	0.147	0.076	0.076	0.122	0.055	0.055	0.313	0.661	0.609	0.681	0.872	0.864	0.774	0.827	0.542	0.128	0.369	0.017	0.036	0.055	0.296	0.190	0.036	0.329	0.195	0.209	0.222	0.442	0.436	0.346	0.109	0.147	0.281	0.205	0.281	0.036	0.055	0.055	0.147	0.488	0.763
0.219	0.314	0.383	0.163	0.163	0.113	0.006	0.183	0.273	0.270	0.270	0.013	0.006	0.277	0.111	0.169	0.127	0.214	0.366	0.285	0.194	0.281	0.036	0.036	0.530	0.186	0.270	0.013	0.013	0.013	0.270	0.267	0.270	0.273	0.107	0.208	0.234	0.189	0.111	0.219	0.125	0.194	0.142	0.305	0.281	0.183	0.183	0.186	0.186	0.277	0.020	0.013	0.020	0.036	0.036	0.020	0.199	0.270	0.273	0.028	0.277	0.122	0.285	0.036	0.299	0.353	0.317	0.383	0.179	0.208	0.199	0.036	0.226	0.085	0.053	0.189	0.097	0.234	0.285	0.190	0.289	0.020	0.270	0.294	0.281	0.333	0.299	0.199	0.156	0.106	0.117	0.117	0.111	0.299	0.194	0.190	0.190	0.277	0.277	0.285	0.273	0.020	0.073	0.220	0.314	0.366	0.317	0.366	0.242	0.262	0.044	0.383	0.036	0.006	0.270	0.183	0.183	0.179	0.270	0.190	0.314	0.241	0.135	0.208	0.085	0.127	0.044	0.292	0.013	0.183	0.270	0.270	0.148	0.148	0.281	0.194	0.073
0.611	0.650	0.480	0.351	0.154	0.120	0.014	0.106	0.197	0.186	0.186	0.028	0.014	0.059	0.061	0.316	0.127	0.361	0.653	0.471	0.471	0.221	0.076	0.371	0.186	0.866	0.186	0.028	0.028	0.028	0.186	0.176	0.186	0.197	0.100	0.232	0.598	0.434	0.289	0.245	0.225	0.289	0.477	0.323	0.246	0.106	0.106	0.118	0.118	0.522	0.356	0.349	0.356	0.130	0.076	0.043	0.158	0.186	0.197	0.363	0.363	0.336	0.471	0.076	0.318	0.392	0.437	0.553	0.386	0.409	0.298	0.221	0.196	0.109	0.158	0.252	0.193	0.444	0.234	0.130	0.248	0.197	0.439	0.489	0.616	0.480	0.544	0.443	0.309	0.075	0.086	0.086	0.092	0.280	0.143	0.130	0.130	0.209	0.209	0.234	0.197	0.106	0.245	0.537	0.346	0.660	0.741	0.463	0.502	0.285	0.094	0.101	0.076	0.014	0.028	0.106	0.356	0.439	0.186	0.435	0.318	0.217	0.154	0.362	0.511	0.337	0.094	0.158	0.186	0.447	0.439	0.186	0.043	0.043	0.076	0.094	0.155
0.219	0.314	0.258	0.235	0.147	0.113	0.006	0.183	0.273	0.270	0.270	0.013	0.267	0.028	0.317	0.144	0.177	0.214	0.317	0.285	0.194	0.281	0.036	0.036	0.270	0.186	0.530	0.270	0.270	0.270	0.530	0.267	0.270	0.273	0.085	0.073	0.234	0.189	0.111	0.219	0.125	0.194	0.142	0.342	0.281	0.439	0.439	0.439	0.439	0.277	0.020	0.013	0.020	0.036	0.036	0.020	0.439	0.270	0.273	0.028	0.277	0.122	0.285	0.036	0.299	0.530	0.530	0.530	0.405	0.439	0.349	0.281	0.439	0.085	0.053	0.189	0.147	0.234	0.439	0.439	0.530	0.020	0.270	0.294	0.281	0.333	0.299	0.199	0.156	0.063	0.063	0.063	0.073	0.383	0.194	0.190	0.349	0.439	0.277	0.530	0.273	0.020	0.135	0.292	0.226	0.325	0.317	0.405	0.349	0.234	0.044	0.142	0.036	0.267	0.270	0.439	0.183	0.179	0.270	0.190	0.349	0.314	0.135	0.208	0.305	0.325	0.285	0.199	0.270	0.183	0.270	0.270	0.148	0.148	0.190	0.194	0.299
0.383	0.349	0.314	0.163	0.219	0.113	0.006	0.020	0.020	0.013	0.013	0.013	0.267	0.152	0.405	0.169	0.292	0.085	0.170	0.160	0.194	0.036	0.156	0.190	0.013	0.028	0.270	0.530	0.270	0.530	0.270	0.006	0.013	0.020	0.085	0.073	0.127	0.228	0.111	0.135	0.053	0.044	0.053	0.116	0.036	0.183	0.183	0.186	0.186	0.028	0.020	0.013	0.020	0.036	0.281	0.020	0.199	0.013	0.020	0.028	0.028	0.311	0.285	0.281	0.299	0.530	0.405	0.383	0.439	0.439	0.199	0.281	0.317	0.085	0.053	0.189	0.241	0.160	0.194	0.281	0.289	0.020	0.013	0.130	0.036	0.144	0.073	0.053	0.036	0.063	0.063	0.063	0.073	0.383	0.194	0.190	0.349	0.186	0.028	0.285	0.020	0.020	0.135	0.292	0.226	0.199	0.192	0.405	0.349	0.325	0.194	0.142	0.117	0.267	0.270	0.273	0.020	0.013	0.013	0.036	0.208	0.220	0.135	0.073	0.305	0.383	0.383	0.053	0.270	0.020	0.013	0.013	0.148	0.148	0.349	0.439	0.530
0.219	0.439	0.280	0.163	0.147	0.113	0.006	0.183	0.020	0.013	0.013	0.013	0.267	0.028	0.317	0.169	0.177	0.085	0.153	0.044	0.044	0.036	0.036	0.036	0.013	0.028	0.270	0.270	0.530	0.270	0.270	0.006	0.013	0.020	0.085	0.073	0.127	0.189	0.111	0.135	0.053	0.044	0.053	0.116	0.281	0.439	0.183	0.439	0.186	0.028	0.020	0.013	0.020	0.036	0.036	0.020	0.439	0.013	0.020	0.028	0.028	0.122	0.044	0.036	0.073	0.353	0.317	0.383	0.305	0.299	0.199	0.405	0.439	0.085	0.053	0.206	0.147	0.234	0.194	0.439	0.289	0.020	0.013	0.063	0.036	0.144	0.073	0.053	0.036	0.063	0.063	0.063	0.073	0.152	0.044	0.036	0.439	0.439	0.277	0.439	0.020	0.183	0.275	0.163	0.226	0.127	0.111	0.314	0.439	0.127	0.044	0.053	0.036	0.267	0.270	0.439	0.183	0.013	0.270	0.036	0.208	0.220	0.073	0.073	0.305	0.325	0.285	0.289	0.270	0.273	0.013	0.013	0.148	0.148	0.190	0.194	0.299
0.383	0.349	0.314	0.163	0.219	0.113	0.006	0.020	0.020	0.013	0.013	0.013	0.267	0.152	0.405	0.169	0.292	0.085	0.170	0.160	0.194	0.036	0.156	0.190	0.013	0.028	0.270	0.530	0.270	0.530	0.270	0.006	0.013	0.020	0.085	0.073	0.127	0.228	0.111	0.135	0.053	0.044	0.053	0.116	0.036	0.183	0.183	0.186	0.186	0.028	0.020	0.013	0.020	0.036	0.281	0.020	0.199	0.013	0.020	0.028	0.028	0.311	0.285	0.281	0.299	0.530	0.405	0.383	0.439	0.439	0.199	0.281	0.317	0.085	0.053	0.189	0.241	0.160	0.194	0.281	0.289	0.020	0.013	0.130	0.036	0.144	0.073	0.053	0.036	0.063	0.063	0.063	0.073	0.383	0.194	0.190	0.349	0.186	0.028	0.285	0.020	0.020	0.135	0.292	0.226	0.199	0.192	0.405	0.349	0.325	0.194	0.142	0.117	0.267	0.270	0.273	0.020	0.013	0.013	0.036	0.208	0.220	0.135	0.073	0.305	0.383	0.383	0.053	0.270	0.020	0.013	0.013	0.148	0.148	0.349	0.439	0.530
0.219	0.314	0.258	0.235	0.147	0.113	0.006	0.183	0.273	0.270	0.270	0.013	0.267	0.028	0.317	0.144	0.177	0.214	0.317	0.285	0.194	0.281	0.036	0.036	0.270	0.186	0.530	0.270	0.270	0.270	0.530	0.267	0.270	0.273	0.085	0.073	0.234	0.189	0.111	0.219	0.125	0.194	0.142	0.342	0.281	0.439	0.439	0.439	0.439	0.277	0.020	0.013	0.020	0.036	0.036	0.020	0.439	0.270	0.273	0.028	0.277	0.122	0.285	0.036	0.299	0.530	0.530	0.530	0.405	0.439	0.349	0.281	0.439	0.085	0.053	0.189	0.147	0.234	0.439	0.439	0.530	0.020	0.270	0.294	0.281	0.333	0.299	0.199	0.156	0.063	0.063	0.063	0.073	0.383	0.194	0.190	0.349	0.439	0.277	0.530	0.273	0.020	0.135	0.292	0.226	0.325	0.317	0.405	0.349	0.234	0.044	0.142	0.036	0.267	0.270	0.439	0.183	0.179	0.270	0.190	0.349	0.314	0.135	0.208	0.305	0.325	0.285	0.199	0.270	0.183	0.270	0.270	0.148	0.148	0.190	0.194	0.299
0.103	0.142	0.119	0.119	0.047	0.047	0.003	0.176	0.267	0.267	0.267	0.006	0.003	0.014	0.054	0.069	0.061	0.176	0.267	0.267	0.176	0.267	0.017	0.017	0.267	0.176	0.267	0.006	0.006	0.006	0.267	0.267	0.267	0.267	0.041	0.036	0.176	0.089	0.054	0.103	0.103	0.176	0.119	0.267	0.267	0.176	0.176	0.176	0.176	0.267	0.010	0.006	0.010	0.017	0.017	0.010	0.176	0.267	0.267	0.014	0.267	0.079	0.267	0.017	0.267	0.267	0.267	0.267	0.142	0.176	0.176	0.017	0.176	0.041	0.026	0.089	0.047	0.176	0.267	0.176	0.267	0.010	0.267	0.267	0.267	0.267	0.267	0.176	0.142	0.031	0.031	0.031	0.036	0.267	0.176	0.176	0.176	0.267	0.267	0.267	0.267	0.010	0.036	0.176	0.176	0.267	0.267	0.267	0.176	0.176	0.021	0.119	0.017	0.003	0.006	0.176	0.176	0.176	0.267	0.176	0.176	0.142	0.103	0.176	0.041	0.061	0.021	0.176	0.006	0.176	0.267	0.267	0.010	0.010	0.017	0.021	0.036
0.219	0.314	0.383	0.235	0.147	0.220	0.006	0.183	0.273	0.270	0.270	0.013	0.006	0.028	0.120	0.169	0.136	0.251	0.317	0.285	0.194	0.281	0.036	0.036	0.270	0.186	0.270	0.013	0.013	0.013	0.270	0.267	0.530	0.530	0.214	0.073	0.439	0.228	0.170	0.241	0.219	0.439	0.383	0.530	0.405	0.183	0.183	0.186	0.186	0.277	0.020	0.013	0.020	0.036	0.190	0.273	0.292	0.530	0.530	0.277	0.530	0.342	0.530	0.281	0.530	0.325	0.317	0.325	0.179	0.208	0.439	0.036	0.439	0.085	0.053	0.206	0.097	0.234	0.285	0.439	0.530	0.273	0.270	0.294	0.281	0.530	0.383	0.439	0.314	0.063	0.063	0.063	0.299	0.439	0.349	0.349	0.190	0.277	0.277	0.285	0.273	0.020	0.073	0.220	0.226	0.325	0.317	0.366	0.242	0.262	0.044	0.258	0.036	0.006	0.013	0.183	0.183	0.179	0.270	0.190	0.208	0.185	0.135	0.208	0.085	0.325	0.044	0.199	0.013	0.183	0.270	0.270	0.020	0.020	0.036	0.044	0.073
0.354	0.449	0.496	0.276	0.407	0.480	0.267	0.443	0.443	0.273	0.273	0.020	0.010	0.043	0.192	0.282	0.219	0.334	0.372	0.305	0.214	0.296	0.055	0.055	0.273	0.197	0.273	0.020	0.020	0.020	0.273	0.267	0.530	0.791	0.474	0.114	0.700	0.324	0.224	0.270	0.238	0.455	0.402	0.791	0.575	0.190	0.443	0.447	0.447	0.288	0.031	0.020	0.031	0.205	0.205	0.281	0.311	0.530	0.534	0.288	0.538	0.383	0.545	0.296	0.560	0.387	0.372	0.387	0.220	0.469	0.459	0.055	0.512	0.181	0.082	0.341	0.152	0.296	0.455	0.700	0.791	0.534	0.273	0.555	0.541	0.603	0.552	0.459	0.325	0.098	0.098	0.098	0.334	0.469	0.609	0.360	0.205	0.288	0.288	0.305	0.281	0.031	0.334	0.333	0.281	0.387	0.372	0.479	0.314	0.359	0.068	0.277	0.055	0.010	0.020	0.190	0.190	0.183	0.273	0.360	0.469	0.282	0.170	0.378	0.345	0.585	0.305	0.459	0.020	0.190	0.273	0.273	0.031	0.031	0.055	0.068	0.114
0.487	0.583	0.742	0.332	0.332	0.387	0.176	0.254	0.186	0.107	0.107	0.144	0.041	0.134	0.210	0.318	0.178	0.201	0.262	0.165	0.290	0.148	0.114	0.148	0.107	0.100	0.085	0.085	0.085	0.085	0.085	0.041	0.214	0.474	1.322	0.956	0.919	0.782	0.524	0.176	0.143	0.324	0.307	0.502	0.442	0.132	0.254	0.298	0.298	0.183	0.132	0.085	0.132	0.172	0.172	0.186	0.172	0.214	0.254	0.298	0.298	0.334	0.397	0.379	0.340	0.332	0.340	0.553	0.567	0.466	0.354	0.114	0.351	0.163	0.368	0.401	0.259	0.571	0.360	0.551	0.696	0.474	0.085	0.277	0.379	0.664	0.558	0.392	0.138	0.946	0.946	0.946	1.091	0.284	0.512	0.263	0.239	0.183	0.191	0.300	0.179	0.088	0.302	0.375	0.647	0.389	0.380	0.704	0.595	0.423	0.238	0.335	0.036	0.041	0.107	0.132	0.132	0.085	0.085	0.263	0.558	0.394	0.368	0.284	0.442	0.549	0.250	0.244	0.085	0.132	0.085	0.107	0.054	0.054	0.110	0.287	0.358
0.858	0.829	0.841	0.436	0.232	0.179	0.036	0.114	0.066	0.122	0.122	0.189	0.036	0.259	0.200	0.563	0.247	0.322	0.429	0.358	0.392	0.143	0.109	0.356	0.208	0.232	0.073	0.073	0.073	0.073	0.073	0.036	0.073	0.114	0.956	1.477	1.164	1.226	1.024	0.422	0.268	0.301	0.490	0.225	0.109	0.114	0.114	0.158	0.158	0.280	0.334	0.299	0.334	0.265	0.143	0.066	0.177	0.073	0.114	0.371	0.158	0.446	0.483	0.283	0.274	0.457	0.404	0.890	0.668	0.523	0.432	0.322	0.415	0.285	0.417	0.590	0.385	0.784	0.385	0.205	0.417	0.334	0.299	0.379	0.503	0.693	0.530	0.539	0.231	0.966	0.972	1.063	0.971	0.184	0.186	0.143	0.205	0.158	0.194	0.319	0.218	0.127	0.236	0.521	0.735	0.693	0.603	0.676	0.659	0.396	0.294	0.474	0.062	0.036	0.208	0.114	0.334	0.208	0.073	0.356	0.462	0.310	0.400	0.309	0.415	0.401	0.130	0.201	0.299	0.243	0.299	0.122	0.075	0.075	0.230	0.423	0.553
1.384	1.537	1.389	0.835	0.819	0.801	0.176	0.403	0.432	0.262	0.262	0.189	0.061	0.178	0.475	1.016	0.523	0.775	0.830	0.565	0.599	0.350	0.229	0.629	0.234	0.598	0.234	0.127	0.127	0.127	0.234	0.176	0.439	0.700	0.919	1.164	2.367	1.662	1.550	0.708	0.687	0.697	0.851	0.967	0.611	0.205	0.403	0.462	0.660	0.866	0.791	0.530	0.791	0.851	0.736	0.523	0.669	0.439	0.494	0.842	0.751	0.795	0.879	0.556	0.885	0.945	1.039	1.507	1.087	1.231	1.049	0.407	1.032	0.679	0.624	1.116	0.819	0.945	0.674	0.716	1.010	0.700	0.439	0.855	0.869	1.395	1.329	1.034	0.726	0.653	0.660	0.751	0.890	0.833	0.894	0.645	0.527	0.553	0.574	0.624	0.359	0.153	0.521	0.835	0.913	0.962	1.225	1.259	1.219	1.070	0.476	0.596	0.210	0.061	0.127	0.205	0.403	0.349	0.234	0.851	0.857	0.723	0.699	0.926	1.025	1.109	0.418	0.590	0.325	0.403	0.439	0.262	0.085	0.085	0.186	0.470	0.674
1.539	1.908	1.920	1.116	0.878	0.566	0.103	0.211	0.211	0.206	0.262	0.292	0.089	0.347	0.592	0.808	0.582	0.560	0.644	0.573	0.607	0.319	0.307	0.626	0.189	0.434	0.189	0.228	0.189	0.228	0.189	0.089	0.228	0.324	0.782	1.226	1.662	2.556	1.660	0.971	0.779	0.664	0.852	0.685	0.380	0.285	0.285	0.395	0.417	0.490	0.501	0.366	0.501	0.682	0.846	0.336	0.654	0.228	0.324	0.581	0.417	0.911	0.845	0.635	0.824	0.736	1.012	1.419	1.180	1.074	0.818	0.432	0.676	0.618	0.745	1.180	0.917	1.004	0.465	0.432	0.676	0.501	0.353	0.713	0.721	1.299	1.079	1.073	0.600	0.802	0.752	0.899	0.913	0.966	0.720	0.635	0.488	0.451	0.559	0.681	0.341	0.297	0.603	0.861	1.080	1.152	1.046	1.358	1.102	1.134	0.716	0.818	0.302	0.089	0.189	0.194	0.359	0.262	0.189	0.687	0.949	0.856	0.893	1.057	1.180	1.225	0.409	0.450	0.353	0.359	0.353	0.262	0.233	0.233	0.414	0.720	0.971
1.240	1.358	1.244	0.691	0.367	0.379	0.054	0.174	0.133	0.170	0.192	0.258	0.054	0.231	0.383	0.678	0.464	0.449	0.560	0.347	0.382	0.258	0.223	0.371	0.111	0.289	0.111	0.111	0.111	0.111	0.111	0.054	0.170	0.224	0.524	1.024	1.550	1.660	2.006	0.603	0.560	0.445	0.543	0.299	0.195	0.174	0.174	0.243	0.283	0.346	0.393	0.258	0.393	0.486	0.577	0.280	0.486	0.170	0.224	0.437	0.356	0.525	0.513	0.462	0.615	0.437	0.682	1.107	0.794	0.689	0.558	0.286	0.438	0.410	0.599	0.869	0.545	0.709	0.410	0.348	0.508	0.305	0.192	0.438	0.518	1.095	0.854	0.980	0.417	0.599	0.549	0.696	0.688	0.632	0.570	0.518	0.496	0.431	0.481	0.570	0.305	0.214	0.343	0.583	0.825	0.818	0.773	0.989	0.949	0.714	0.438	0.452	0.116	0.054	0.111	0.174	0.246	0.101	0.111	0.484	0.672	0.670	0.708	0.747	0.944	1.016	0.178	0.359	0.192	0.156	0.192	0.192	0.121	0.121	0.230	0.536	0.672
0.763	0.949	1.040	0.551	0.199	0.220	0.036	0.079	0.170	0.135	0.135	0.073	0.103	0.207	0.291	0.269	0.226	0.153	0.560	0.349	0.258	0.222	0.156	0.205	0.219	0.245	0.219	0.135	0.135	0.135	0.219	0.103	0.241	0.270	0.176	0.422	0.708	0.971	0.603	1.529	0.922	0.841	0.855	0.588	0.339	0.248	0.248	0.279	0.380	0.301	0.209	0.073	0.209	0.244	0.373	0.253	0.413	0.241	0.270	0.246	0.301	0.282	0.371	0.286	0.417	0.453	0.547	0.762	0.539	0.730	0.413	0.187	0.547	0.317	0.412	0.586	0.438	0.357	0.258	0.316	0.469	0.209	0.135	0.268	0.460	0.691	0.593	0.682	0.417	0.122	0.219	0.310	0.267	0.366	0.255	0.225	0.225	0.289	0.279	0.346	0.170	0.243	0.372	0.521	0.456	0.654	0.512	0.819	0.529	0.362	0.238	0.319	0.122	0.103	0.219	0.157	0.079	0.044	0.135	0.442	0.639	0.528	0.338	0.486	0.683	0.703	0.164	0.196	0.135	0.079	0.135	0.135	0.123	0.123	0.222	0.349	0.450
0.718	0.870	0.995	0.753	0.336	0.359	0.026	0.059	0.150	0.125	0.125	0.053	0.026	0.114	0.207	0.229	0.276	0.171	0.521	0.305	0.214	0.190	0.112	0.147	0.125	0.225	0.125	0.053	0.053	0.053	0.125	0.103	0.219	0.238	0.143	0.268	0.687	0.779	0.560	0.922	1.268	1.023	1.027	0.581	0.296	0.059	0.059	0.084	0.168	0.259	0.150	0.053	0.150	0.338	0.421	0.147	0.287	0.219	0.238	0.175	0.259	0.316	0.305	0.203	0.344	0.339	0.463	0.626	0.484	0.591	0.560	0.078	0.463	0.353	0.516	0.415	0.465	0.337	0.232	0.190	0.330	0.150	0.125	0.341	0.429	0.796	0.660	0.685	0.441	0.140	0.237	0.328	0.229	0.444	0.349	0.330	0.338	0.406	0.406	0.361	0.150	0.223	0.411	0.516	0.520	0.591	0.401	0.831	0.432	0.335	0.142	0.277	0.039	0.026	0.053	0.059	0.059	0.034	0.125	0.478	0.651	0.579	0.496	0.560	0.676	0.654	0.123	0.092	0.053	0.059	0.125	0.125	0.082	0.082	0.147	0.183	0.314
0.728	0.971	0.971	0.729	0.311	0.334	0.021	0.123	0.214	0.194	0.194	0.044	0.021	0.094	0.269	0.386	0.325	0.344	0.729	0.415	0.324	0.306	0.165	0.122	0.194	0.289	0.194	0.044	0.044	0.044	0.194	0.176	0.439	0.455	0.324	0.301	0.697	0.664	0.445	0.841	1.023	1.369	1.187	0.704	0.508	0.123	0.123	0.143	0.289	0.380	0.214	0.044	0.214	0.256	0.397	0.364	0.297	0.439	0.455	0.325	0.471	0.497	0.506	0.347	0.567	0.435	0.438	0.727	0.403	0.601	0.478	0.131	0.570	0.306	0.434	0.459	0.531	0.494	0.280	0.397	0.525	0.305	0.194	0.333	0.488	0.805	0.635	0.660	0.417	0.181	0.278	0.369	0.417	0.544	0.324	0.306	0.165	0.234	0.234	0.280	0.214	0.214	0.364	0.532	0.438	0.726	0.608	0.932	0.619	0.509	0.189	0.297	0.092	0.021	0.044	0.123	0.123	0.103	0.194	0.306	0.479	0.407	0.289	0.388	0.504	0.629	0.324	0.196	0.044	0.123	0.194	0.194	0.068	0.068	0.122	0.151	0.257
0.882	1.034	1.068	0.792	0.353	0.335	0.026	0.075	0.166	0.142	0.142	0.053	0.026	0.114	0.280	0.541	0.366	0.408	0.792	0.569	0.478	0.229	0.128	0.367	0.142	0.477	0.142	0.053	0.053	0.053	0.142	0.119	0.383	0.402	0.307	0.490	0.851	0.852	0.543	0.855	1.027	1.187	1.432	0.745	0.460	0.075	0.075	0.101	0.207	0.443	0.402	0.289	0.402	0.354	0.354	0.311	0.225	0.383	0.402	0.571	0.423	0.686	0.694	0.367	0.508	0.442	0.467	0.790	0.557	0.664	0.542	0.320	0.536	0.331	0.403	0.489	0.397	0.557	0.249	0.354	0.494	0.550	0.383	0.522	0.676	0.796	0.733	0.758	0.605	0.157	0.254	0.345	0.393	0.395	0.287	0.263	0.128	0.192	0.192	0.249	0.166	0.223	0.411	0.630	0.536	0.880	0.672	0.973	0.592	0.499	0.158	0.316	0.055	0.026	0.053	0.075	0.311	0.292	0.142	0.494	0.462	0.407	0.321	0.371	0.495	0.641	0.162	0.131	0.289	0.311	0.383	0.142	0.082	0.082	0.147	0.183	0.377
0.776	1.088	1.100	0.517	0.497	0.552	0.267	0.474	0.512	0.305	0.305	0.085	0.079	0.183	0.449	0.447	0.342	0.491	0.607	0.526	0.435	0.363	0.157	0.248	0.305	0.323	0.342	0.116	0.116	0.116	0.342	0.267	0.530	0.791	0.502	0.225	0.967	0.685	0.299	0.588	0.581	0.704	0.745	1.611	0.639	0.286	0.512	0.543	0.591	0.366	0.200	0.116	0.200	0.364	0.308	0.286	0.457	0.530	0.565	0.414	0.602	0.529	0.739	0.454	0.720	0.621	0.503	0.871	0.621	0.934	0.802	0.273	0.590	0.328	0.311	0.508	0.240	0.496	0.613	0.796	0.949	0.603	0.342	0.642	0.667	0.877	0.804	0.590	0.403	0.146	0.152	0.243	0.382	0.606	0.735	0.485	0.308	0.366	0.414	0.435	0.345	0.132	0.436	0.495	0.555	0.587	0.594	0.810	0.611	0.621	0.229	0.317	0.056	0.079	0.116	0.286	0.286	0.251	0.305	0.528	0.663	0.331	0.279	0.572	0.674	0.819	0.393	0.499	0.165	0.286	0.342	0.305	0.032	0.032	0.157	0.209	0.354
0.410	0.653	0.665	0.357	0.282	0.355	0.142	0.575	0.325	0.281	0.281	0.036	0.017	0.076	0.173	0.314	0.218	0.274	0.593	0.347	0.256	0.329	0.098	0.098	0.281	0.246	0.281	0.036	0.281	0.036	0.281	0.267	0.405	0.575	0.442	0.109	0.611	0.380	0.195	0.339	0.296	0.508	0.460	0.639	1.085	0.450	0.325	0.582	0.337	0.312	0.055	0.036	0.055	0.113	0.113	0.171	0.460	0.405	0.416	0.187	0.428	0.377	0.453	0.204	0.499	0.532	0.496	0.562	0.311	0.408	0.376	0.204	0.502	0.147	0.151	0.346	0.214	0.556	0.362	0.744	0.608	0.325	0.281	0.483	0.590	0.699	0.615	0.517	0.283	0.075	0.086	0.086	0.220	0.408	0.417	0.258	0.383	0.462	0.553	0.488	0.296	0.325	0.537	0.413	0.450	0.584	0.434	0.591	0.460	0.340	0.122	0.195	0.098	0.017	0.036	0.450	0.450	0.190	0.530	0.499	0.537	0.272	0.244	0.355	0.426	0.590	0.222	0.608	0.036	0.450	0.281	0.281	0.055	0.055	0.098	0.122	0.205
0.241	0.484	0.302	0.185	0.103	0.069	0.010	0.352	0.190	0.183	0.183	0.020	0.176	0.043	0.281	0.241	0.149	0.163	0.323	0.214	0.123	0.205	0.055	0.055	0.183	0.106	0.439	0.183	0.439	0.183	0.439	0.176	0.183	0.190	0.132	0.114	0.205	0.285	0.174	0.248	0.059	0.123	0.075	0.286	0.450	0.700	0.443	0.700	0.447	0.197	0.031	0.020	0.031	0.055	0.055	0.031	0.700	0.183	0.190	0.043	0.197	0.115	0.214	0.055	0.243	0.523	0.487	0.552	0.349	0.378	0.277	0.325	0.518	0.132	0.082	0.302	0.103	0.403	0.364	0.609	0.459	0.031	0.183	0.232	0.205	0.314	0.243	0.132	0.080	0.098	0.098	0.098	0.114	0.321	0.123	0.114	0.518	0.609	0.447	0.609	0.190	0.190	0.214	0.242	0.305	0.296	0.281	0.484	0.518	0.205	0.068	0.075	0.055	0.176	0.183	0.609	0.352	0.092	0.439	0.114	0.287	0.264	0.079	0.152	0.254	0.296	0.214	0.368	0.183	0.352	0.183	0.183	0.064	0.064	0.114	0.123	0.243
0.263	0.359	0.280	0.185	0.316	0.282	0.267	0.352	0.352	0.183	0.183	0.020	0.176	0.043	0.289	0.241	0.158	0.195	0.281	0.214	0.123	0.205	0.055	0.055	0.183	0.106	0.439	0.183	0.183	0.183	0.439	0.176	0.183	0.443	0.254	0.114	0.403	0.285	0.174	0.248	0.059	0.123	0.075	0.512	0.325	0.443	0.700	0.700	0.700	0.197	0.031	0.020	0.031	0.205	0.055	0.031	0.459	0.183	0.190	0.043	0.197	0.079	0.214	0.055	0.243	0.494	0.487	0.494	0.349	0.609	0.277	0.205	0.421	0.181	0.082	0.324	0.103	0.205	0.609	0.609	0.700	0.281	0.183	0.464	0.450	0.314	0.378	0.132	0.080	0.098	0.098	0.098	0.114	0.321	0.364	0.114	0.269	0.356	0.197	0.455	0.190	0.031	0.305	0.336	0.190	0.296	0.281	0.411	0.320	0.226	0.068	0.075	0.055	0.176	0.183	0.352	0.099	0.092	0.183	0.269	0.518	0.320	0.079	0.287	0.474	0.494	0.455	0.368	0.183	0.099	0.183	0.183	0.064	0.064	0.114	0.123	0.243
0.372	0.615	0.411	0.229	0.360	0.326	0.267	0.609	0.356	0.186	0.186	0.028	0.176	0.059	0.340	0.334	0.217	0.232	0.374	0.234	0.143	0.221	0.076	0.076	0.186	0.118	0.439	0.186	0.439	0.186	0.439	0.176	0.186	0.447	0.298	0.158	0.462	0.395	0.243	0.279	0.084	0.143	0.101	0.543	0.582	0.700	0.700	0.957	0.704	0.209	0.043	0.028	0.043	0.221	0.076	0.043	0.716	0.186	0.197	0.059	0.209	0.158	0.234	0.076	0.280	0.574	0.538	0.603	0.386	0.635	0.298	0.337	0.587	0.225	0.114	0.434	0.154	0.462	0.621	0.866	0.716	0.288	0.186	0.489	0.462	0.383	0.409	0.158	0.096	0.135	0.135	0.135	0.158	0.352	0.380	0.130	0.526	0.613	0.454	0.621	0.197	0.197	0.471	0.373	0.356	0.365	0.340	0.577	0.577	0.285	0.094	0.101	0.076	0.176	0.186	0.609	0.356	0.095	0.439	0.280	0.544	0.357	0.116	0.318	0.511	0.553	0.471	0.625	0.186	0.356	0.186	0.186	0.072	0.072	0.130	0.143	0.280
