3.045	2.306	2.152	1.495	1.024	0.810	0.629	1.040	1.256	0.875	1.293	0.648	0.626	0.505	0.779	1.112	0.410	0.790	0.465	0.733	0.644	0.727	0.499	0.593	0.297	0.536	0.590	0.716	0.932	0.875	0.932	0.932	0.427	0.721	0.451	0.320	0.724	0.676	0.883	0.812	0.750	0.773	0.684	0.961	0.611	0.830	0.682	0.682	0.682	0.687	0.359	0.706	0.484	0.575	0.577	0.591	0.846	0.784	0.611	0.804	0.626	0.688	0.376	0.354	0.875	1.285	0.929	0.925	0.830	0.648	0.706	0.796	0.765	1.095	0.824	1.371	1.203	1.253	0.739	0.921	0.575	0.812	1.052	1.185	0.398	0.986	0.393	0.812	0.845	0.320	0.320	0.320	0.577	0.593	0.648	0.773	0.841	0.626	1.030	0.411	0.648	0.681	0.960	0.964	0.782	1.064	1.074	1.716	1.109	1.530	0.702	0.626	0.484	0.189	0.393	0.963	0.961	1.111	0.914	0.684	0.824	0.981	0.924	0.848	1.074	1.440	1.206	1.254	1.091	0.993	0.806	0.667	0.372	0.263	0.501	0.411	0.549
2.306	3.266	2.156	1.806	1.620	1.031	0.538	1.079	1.352	0.936	1.115	0.721	0.596	0.596	1.000	1.332	0.630	0.954	0.664	0.829	0.683	0.602	0.283	0.593	0.427	0.666	0.789	0.789	0.880	0.754	0.754	0.754	0.427	0.630	0.650	0.518	0.945	0.738	1.104	0.596	0.754	0.687	0.525	0.840	0.559	0.834	0.721	0.687	0.778	0.778	0.484	0.832	0.609	0.540	0.559	0.596	0.596	0.720	0.525	0.752	0.847	0.784	0.449	0.393	0.880	1.323	1.241	0.895	0.903	0.812	0.706	0.743	0.804	0.974	0.772	1.410	1.242	1.439	0.630	0.743	0.415	0.630	0.909	1.190	0.471	1.081	0.427	0.721	0.754	0.518	0.518	0.518	0.775	0.468	0.721	0.596	0.664	0.596	1.000	0.540	0.812	0.811	1.180	1.003	0.912	1.103	1.261	1.720	1.420	1.410	0.706	0.539	0.324	0.223	0.427	1.115	1.000	1.025	0.880	0.593	0.772	0.679	0.962	1.000	1.170	1.411	1.483	1.219	0.875	0.777	0.629	0.581	0.434	0.302	0.415	0.518	0.895
2.152	2.156	3.077	1.709	1.147	1.081	0.679	1.107	1.544	1.094	1.109	0.840	0.572	0.447	1.028	1.088	0.687	1.038	0.753	0.856	0.620	0.811	0.493	0.393	0.421	0.575	0.873	0.782	0.998	0.821	0.748	0.839	0.425	0.771	0.866	0.609	0.847	0.982	1.222	0.680	0.912	0.590	0.682	0.959	0.769	1.022	0.840	0.754	0.931	0.806	0.575	0.832	0.575	0.603	0.678	0.663	0.590	0.873	0.500	0.802	0.658	0.941	0.700	0.334	1.094	1.226	0.893	0.745	0.806	0.719	0.734	0.719	0.616	0.911	0.822	1.312	1.508	1.251	0.754	0.844	0.425	0.628	1.032	1.257	0.503	0.893	0.300	0.555	0.770	0.609	0.609	0.609	0.741	0.591	0.719	0.840	0.748	0.663	1.066	0.512	0.931	0.930	1.117	1.031	1.304	1.403	0.947	1.748	1.254	1.312	0.552	0.442	0.261	0.251	0.425	1.143	0.993	1.109	0.839	0.591	0.800	0.927	1.029	0.759	1.038	1.222	1.420	1.520	0.959	0.878	0.714	0.500	0.409	0.330	0.334	0.512	0.962
1.495	1.806	1.709	2.386	0.945	1.356	0.568	0.614	1.000	0.705	0.782	0.428	0.513	0.335	0.682	0.738	0.387	0.745	0.459	0.507	0.418	0.592	0.364	0.246	0.297	0.338	0.524	0.494	0.546	0.637	0.585	0.585	0.405	0.556	0.521	0.461	0.684	0.675	0.968	0.586	0.734	0.576	0.514	0.653	0.538	0.513	0.485	0.513	0.513	0.392	0.228	0.394	0.314	0.355	0.395	0.558	0.499	0.700	0.498	0.509	0.490	0.741	0.338	0.479	0.489	0.626	0.582	0.727	0.553	0.751	0.514	0.426	0.357	0.549	0.620	1.019	0.942	0.719	0.408	0.426	0.257	0.590	0.757	0.777	0.478	0.673	0.446	0.576	0.609	0.461	0.461	0.461	0.521	0.423	0.574	0.513	0.494	0.666	0.791	0.338	0.553	0.607	0.552	0.431	0.578	0.842	0.723	1.057	0.943	0.894	0.423	0.205	0.189	0.242	0.593	0.941	0.887	0.600	0.550	0.504	0.598	0.673	0.538	0.375	0.905	0.877	1.127	0.959	0.705	0.459	0.459	0.320	0.448	0.191	0.241	0.355	0.636
1.024	1.620	1.147	0.945	1.859	0.863	0.592	0.764	0.723	0.548	0.720	0.207	0.434	0.339	0.361	0.613	0.173	0.222	0.154	0.416	0.357	0.338	0.309	0.152	0.289	0.380	0.366	0.386	0.477	0.477	0.457	0.457	0.372	0.593	0.340	0.289	0.407	0.349	0.531	0.593	0.654	0.611	0.431	0.577	0.431	0.487	0.405	0.405	0.496	0.314	0.083	0.431	0.289	0.372	0.431	0.593	0.496	0.529	0.431	0.345	0.439	0.674	0.372	0.380	0.280	0.604	0.755	0.743	0.496	0.496	0.243	0.298	0.323	0.402	0.507	0.708	0.653	0.590	0.314	0.298	0.174	0.405	0.605	0.583	0.487	0.731	0.380	0.593	0.717	0.289	0.289	0.289	0.340	0.431	0.496	0.487	0.366	0.405	0.722	0.380	0.496	0.422	0.483	0.397	0.267	0.423	0.524	0.836	0.546	0.985	0.358	0.252	0.164	0.029	0.380	0.755	0.702	0.755	0.752	0.759	0.729	0.472	0.533	0.434	0.838	0.890	0.872	0.772	0.793	0.548	0.332	0.243	0.358	0.101	0.174	0.405	0.545
0.810	1.031	1.081	1.356	0.863	1.611	0.575	0.515	0.549	0.498	0.484	0.277	0.363	0.101	0.277	0.399	0.123	0.242	0.104	0.355	0.325	0.366	0.303	0.110	0.109	0.157	0.229	0.320	0.362	0.435	0.498	0.407	0.345	0.551	0.456	0.425	0.466	0.448	0.665	0.576	0.648	0.619	0.414	0.482	0.414	0.277	0.235	0.277	0.277	0.157	0.132	0.201	0.157	0.200	0.201	0.455	0.363	0.575	0.389	0.261	0.356	0.555	0.345	0.377	0.229	0.481	0.661	0.628	0.490	0.454	0.237	0.248	0.286	0.301	0.283	0.676	0.473	0.567	0.277	0.248	0.157	0.454	0.545	0.552	0.454	0.681	0.377	0.619	0.743	0.425	0.425	0.425	0.456	0.323	0.436	0.363	0.316	0.490	0.516	0.157	0.277	0.195	0.292	0.296	0.326	0.648	0.566	0.645	0.549	0.619	0.237	0.217	0.032	0.026	0.377	0.519	0.475	0.393	0.522	0.731	0.721	0.480	0.522	0.363	0.663	0.831	0.840	0.714	0.646	0.401	0.372	0.183	0.323	0.157	0.132	0.200	0.297
0.629	0.538	0.679	0.568	0.592	0.575	1.118	0.705	0.661	0.487	0.391	0.131	0.237	0.215	0.271	0.322	0.122	0.228	0.151	0.194	0.171	0.218	0.160	0.094	0.068	0.068	0.155	0.155	0.155	0.255	0.346	0.396	0.295	0.532	0.370	0.204	0.327	0.172	0.253	0.382	0.396	0.382	0.461	0.501	0.311	0.362	0.131	0.131	0.362	0.271	0.179	0.200	0.068	0.068	0.094	0.222	0.328	0.246	0.200	0.078	0.097	0.309	0.295	0.179	0.246	0.324	0.516	0.516	0.328	0.328	0.200	0.222	0.204	0.406	0.069	0.222	0.420	0.526	0.271	0.362	0.179	0.328	0.410	0.612	0.203	0.300	0.179	0.362	0.487	0.204	0.204	0.204	0.220	0.220	0.328	0.237	0.164	0.328	0.275	0.179	0.222	0.246	0.306	0.470	0.407	0.434	0.319	0.403	0.228	0.190	0.094	0.075	0.068	0.314	0.449	0.516	0.501	0.425	0.487	0.586	0.575	0.223	0.185	0.275	0.353	0.514	0.576	0.754	0.516	0.361	0.130	0.200	0.220	0.088	0.179	0.179	0.132
1.040	1.079	1.107	0.614	0.764	0.515	0.705	1.727	1.405	0.730	1.000	0.480	0.261	0.333	0.355	0.443	0.205	0.309	0.273	0.309	0.270	0.213	0.108	0.189	0.230	0.243	0.328	0.331	0.419	0.388	0.510	0.730	0.469	0.650	0.487	0.230	0.588	0.290	0.361	0.389	0.419	0.389	0.544	0.850	0.544	0.846	0.524	0.615	0.706	0.515	0.334	0.500	0.243	0.552	0.487	0.424	0.389	0.206	0.280	0.412	0.411	0.577	0.552	0.186	0.601	0.819	0.567	0.381	0.480	0.386	0.453	0.480	0.469	0.652	0.653	0.781	0.715	0.856	0.650	0.846	0.427	0.352	0.542	0.636	0.286	0.527	0.114	0.386	0.510	0.230	0.230	0.230	0.261	0.487	0.533	0.386	0.419	0.261	0.542	0.427	0.480	0.422	0.592	0.506	0.670	0.730	0.559	0.853	0.371	0.559	0.280	0.173	0.118	0.258	0.287	1.125	0.884	0.909	0.821	0.409	0.473	0.413	0.482	0.518	0.553	0.651	0.997	0.830	0.759	0.739	0.385	0.352	0.224	0.095	0.186	0.321	0.290
1.256	1.352	1.544	1.000	0.723	0.549	0.661	1.405	2.091	1.093	1.364	0.753	0.533	0.480	0.502	0.776	0.205	0.581	0.273	0.456	0.418	0.360	0.255	0.189	0.378	0.243	0.601	0.479	0.692	0.570	0.783	0.912	0.469	0.797	0.866	0.609	1.025	0.860	0.913	0.662	0.692	0.624	0.816	1.123	0.816	1.210	0.888	0.888	0.979	0.662	0.334	0.500	0.243	0.700	0.635	0.571	0.662	0.353	0.280	0.503	0.684	0.850	0.700	0.334	0.874	1.167	0.725	0.538	0.624	0.533	0.726	0.753	0.744	1.015	0.925	1.031	1.051	1.225	0.797	1.210	0.700	0.624	0.815	0.909	0.286	0.527	0.114	0.411	0.570	0.609	0.609	0.609	0.635	0.635	0.533	0.533	0.601	0.533	0.815	0.700	0.753	0.570	0.865	0.778	0.885	0.947	0.798	1.125	0.609	0.797	0.409	0.320	0.118	0.439	0.560	1.398	1.248	1.182	0.783	0.280	0.523	0.686	0.755	0.411	0.700	0.725	0.957	0.988	0.812	0.786	0.658	0.500	0.371	0.243	0.334	0.469	0.562
0.875	0.936	1.094	0.705	0.548	0.498	0.487	0.730	1.093	1.550	1.189	0.965	0.724	0.431	0.616	0.573	0.347	0.364	0.151	0.385	0.368	0.344	0.285	0.094	0.214	0.305	0.646	0.506	0.737	0.973	0.973	1.214	0.545	0.724	0.325	0.068	0.464	0.532	0.940	0.724	0.973	0.815	1.048	1.073	1.048	1.056	0.724	0.488	0.815	0.488	0.305	0.325	0.068	0.305	0.234	0.488	0.724	0.703	0.561	0.526	0.717	0.626	0.545	0.545	1.064	1.131	1.007	0.473	0.488	0.578	0.325	0.815	0.546	0.828	0.532	0.616	1.049	0.959	0.488	1.056	0.545	0.815	1.219	1.167	0.599	0.641	0.305	0.578	0.597	0.068	0.068	0.068	0.094	0.711	0.815	0.965	0.882	0.965	0.982	0.545	0.815	0.597	0.850	0.928	1.014	1.082	0.661	0.926	0.364	0.497	0.094	0.122	0.068	0.194	0.545	0.992	0.842	1.007	0.506	0.234	0.364	0.424	0.739	0.525	0.783	0.821	0.695	0.741	0.626	0.381	0.848	0.561	0.711	0.455	0.545	0.305	0.455
1.293	1.115	1.109	0.782	0.720	0.484	0.391	1.000	1.364	1.189	1.820	0.743	0.974	0.436	0.464	0.717	0.175	0.402	0.208	0.533	0.510	0.523	0.430	0.138	0.338	0.198	0.550	0.550	0.867	0.992	1.098	1.007	0.575	0.758	0.229	0.098	0.460	0.658	0.859	0.743	0.766	0.834	0.922	1.218	0.922	1.085	0.849	0.758	0.849	0.526	0.198	0.364	0.198	0.575	0.504	0.667	1.085	0.742	0.686	0.689	0.790	0.805	0.429	0.555	0.732	1.060	0.908	0.474	0.388	0.483	0.455	0.708	0.596	0.892	0.802	0.886	0.906	1.040	0.667	1.085	0.666	0.974	1.112	0.985	0.357	0.569	0.323	0.608	0.637	0.098	0.098	0.098	0.135	0.741	0.617	0.849	1.007	0.743	1.112	0.666	0.708	0.512	0.701	0.615	0.758	0.801	0.618	0.855	0.378	0.579	0.229	0.241	0.073	0.203	0.555	1.262	1.343	1.513	1.007	0.489	0.475	0.541	0.517	0.363	0.725	0.921	0.652	0.683	0.896	0.651	0.973	0.686	0.489	0.232	0.323	0.429	0.530
0.648	0.721	0.840	0.428	0.207	0.277	0.131	0.480	0.753	0.965	0.743	1.210	0.624	0.238	0.733	0.421	0.329	0.229	0.122	0.283	0.266	0.219	0.183	0.076	0.114	0.296	0.783	0.633	0.874	0.874	0.633	0.633	0.055	0.238	0.076	0.055	0.312	0.412	0.649	0.383	0.874	0.624	0.462	0.608	0.462	0.715	0.870	0.624	0.715	0.147	0.055	0.076	0.055	0.296	0.462	0.383	0.383	0.599	0.312	0.374	0.280	0.286	0.205	0.205	0.724	1.033	0.667	0.205	0.474	0.329	0.312	0.715	0.353	0.553	0.490	0.570	0.731	0.618	0.293	0.715	0.450	0.474	0.733	0.679	0.204	0.263	0.055	0.329	0.347	0.055	0.055	0.055	0.076	0.221	0.329	0.474	0.633	0.870	0.878	0.450	0.961	0.488	0.674	0.587	0.807	0.833	0.533	0.556	0.320	0.241	0.076	0.098	0.055	0.099	0.205	0.883	0.502	0.436	0.122	0.076	0.234	0.444	0.576	0.502	0.628	0.652	0.502	0.404	0.242	0.222	0.508	0.462	0.616	0.609	0.450	0.450	0.340
0.626	0.596	0.572	0.513	0.434	0.363	0.237	0.261	0.533	0.724	0.974	0.624	1.210	0.329	0.593	0.532	0.098	0.320	0.122	0.192	0.176	0.229	0.176	0.076	0.114	0.055	0.542	0.633	0.724	0.874	0.633	0.397	0.205	0.383	0.076	0.055	0.321	0.365	0.501	0.383	0.633	0.624	0.462	0.608	0.462	0.474	0.624	0.624	0.715	0.238	0.055	0.076	0.055	0.055	0.312	0.383	0.715	0.599	0.462	0.482	0.468	0.502	0.205	0.450	0.256	0.729	0.617	0.431	0.098	0.238	0.076	0.329	0.353	0.488	0.412	0.570	0.511	0.618	0.383	0.474	0.296	0.624	0.733	0.808	0.238	0.392	0.205	0.238	0.256	0.055	0.055	0.055	0.076	0.221	0.238	0.474	0.542	0.624	0.878	0.450	0.715	0.347	0.460	0.374	0.496	0.594	0.411	0.495	0.205	0.373	0.076	0.182	0.055	0.190	0.450	0.883	0.969	0.758	0.397	0.371	0.321	0.296	0.157	0.502	0.446	0.652	0.355	0.279	0.502	0.347	0.508	0.553	0.616	0.450	0.296	0.541	0.262
0.505	0.596	0.447	0.335	0.339	0.101	0.215	0.333	0.480	0.431	0.436	0.238	0.329	0.937	0.445	0.534	0.182	0.355	0.075	0.205	0.175	0.147	0.122	0.165	0.058	0.149	0.360	0.360	0.340	0.256	0.347	0.340	0.149	0.418	0.165	0.055	0.265	0.135	0.173	0.327	0.347	0.329	0.405	0.426	0.165	0.534	0.327	0.327	0.534	0.506	0.178	0.435	0.178	0.149	0.165	0.091	0.329	0.075	0.076	0.276	0.223	0.094	0.149	0.055	0.215	0.359	0.335	0.076	0.091	0.182	0.165	0.418	0.397	0.431	0.230	0.444	0.731	0.452	0.352	0.418	0.296	0.327	0.551	0.463	0.167	0.210	0.149	0.091	0.075	0.055	0.055	0.055	0.165	0.074	0.293	0.091	0.256	0.329	0.445	0.394	0.418	0.417	0.626	0.687	0.315	0.446	0.446	0.374	0.261	0.560	0.189	0.034	0.143	0.190	0.296	0.369	0.354	0.470	0.215	0.076	0.086	0.076	0.095	0.128	0.205	0.226	0.280	0.219	0.094	0.075	0.222	0.312	0.312	0.205	0.394	0.394	0.369
0.779	1.000	1.028	0.682	0.361	0.277	0.271	0.355	0.502	0.616	0.464	0.733	0.593	0.445	1.705	1.022	1.085	1.032	0.857	0.474	0.237	0.338	0.183	0.248	0.082	0.459	0.982	0.891	0.751	0.751	0.525	0.525	0.082	0.367	0.114	0.082	0.441	0.359	0.577	0.276	0.842	0.502	0.339	0.517	0.114	0.367	0.502	0.502	0.593	0.551	0.368	0.480	0.368	0.082	0.339	0.276	0.367	0.491	0.339	0.573	0.427	0.303	0.082	0.082	0.397	0.838	0.795	0.358	0.502	0.593	0.339	0.824	0.628	0.579	0.359	0.792	0.915	0.583	0.411	0.367	0.314	0.502	0.771	0.869	0.376	0.544	0.314	0.276	0.271	0.082	0.082	0.082	0.339	0.114	0.593	0.367	0.525	0.733	0.771	0.314	0.824	0.766	0.882	0.869	0.679	0.686	0.812	0.994	0.846	0.558	0.114	0.147	0.082	0.199	0.314	0.670	0.429	0.373	0.183	0.114	0.325	0.300	0.545	0.589	0.508	0.652	0.632	0.404	0.223	0.183	0.400	0.571	0.716	0.700	0.550	0.550	0.609
1.112	1.332	1.088	0.738	0.613	0.399	0.322	0.443	0.776	0.573	0.717	0.421	0.532	0.534	1.022	1.981	0.590	1.051	0.652	0.379	0.306	0.368	0.175	0.462	0.108	0.296	0.488	0.488	0.493	0.482	0.584	0.493	0.190	0.421	0.167	0.108	0.382	0.374	0.528	0.618	0.493	0.421	0.446	0.515	0.258	0.511	0.421	0.421	0.511	0.716	0.494	0.553	0.494	0.199	0.258	0.232	0.511	0.270	0.258	0.342	0.289	0.351	0.199	0.228	0.482	0.744	0.661	0.406	0.350	0.421	0.365	0.618	0.622	0.735	0.465	0.580	0.753	0.842	0.330	0.511	0.387	0.518	0.647	0.706	0.295	0.488	0.314	0.330	0.277	0.108	0.108	0.108	0.274	0.258	0.421	0.334	0.402	0.421	0.550	0.387	0.511	0.642	0.730	0.735	0.514	0.614	0.988	0.777	1.113	0.778	0.365	0.239	0.171	0.234	0.387	0.613	0.641	0.501	0.329	0.167	0.288	0.372	0.292	0.392	0.379	0.580	0.562	0.808	0.517	0.470	0.367	0.456	0.365	0.296	0.585	0.387	0.503
0.410	0.630	0.687	0.387	0.173	0.123	0.122	0.205	0.205	0.347	0.175	0.329	0.098	0.182	1.085	0.590	1.085	0.728	0.714	0.287	0.141	0.242	0.122	0.187	0.055	0.416	0.488	0.397	0.256	0.347	0.256	0.347	0.055	0.098	0.076	0.055	0.180	0.205	0.360	0.098	0.347	0.098	0.076	0.147	0.076	0.098	0.098	0.098	0.098	0.349	0.325	0.428	0.325	0.055	0.076	0.098	0.098	0.347	0.312	0.357	0.173	0.116	0.055	0.055	0.347	0.382	0.492	0.099	0.474	0.565	0.312	0.565	0.318	0.214	0.205	0.336	0.534	0.243	0.098	0.098	0.055	0.238	0.502	0.488	0.349	0.483	0.296	0.238	0.222	0.055	0.055	0.055	0.312	0.076	0.565	0.329	0.347	0.329	0.276	0.055	0.329	0.473	0.566	0.553	0.389	0.395	0.503	0.740	0.672	0.395	0.076	0.098	0.055	0.036	0.055	0.175	0.147	0.175	0.122	0.076	0.205	0.175	0.454	0.376	0.283	0.412	0.405	0.220	0.147	0.122	0.222	0.312	0.221	0.205	0.296	0.055	0.215
0.790	0.954	1.038	0.745	0.222	0.242	0.228	0.309	0.581	0.364	0.402	0.229	0.320	0.355	1.032	1.051	0.728	1.750	1.118	0.658	0.422	0.564	0.280	0.615	0.209	0.209	0.353	0.263	0.273	0.273	0.444	0.353	0.209	0.317	0.155	0.118	0.389	0.422	0.418	0.442	0.364	0.320	0.280	0.359	0.158	0.320	0.229	0.317	0.320	0.446	0.343	0.375	0.343	0.209	0.155	0.195	0.317	0.257	0.246	0.344	0.386	0.449	0.114	0.209	0.353	0.586	0.418	0.454	0.283	0.503	0.475	0.503	0.525	0.624	0.513	0.633	0.544	0.832	0.317	0.408	0.343	0.317	0.393	0.413	0.249	0.493	0.309	0.283	0.194	0.118	0.118	0.118	0.249	0.246	0.374	0.205	0.263	0.320	0.411	0.243	0.320	0.441	0.539	0.487	0.290	0.508	0.857	0.875	0.891	0.603	0.189	0.135	0.118	0.223	0.343	0.543	0.508	0.311	0.238	0.158	0.274	0.288	0.229	0.286	0.416	0.513	0.456	0.521	0.359	0.319	0.319	0.375	0.280	0.152	0.469	0.243	0.403
0.465	0.664	0.753	0.459	0.154	0.104	0.151	0.273	0.273	0.151	0.208	0.122	0.122	0.075	0.857	0.652	0.714	1.118	1.243	0.700	0.464	0.626	0.342	0.586	0.214	0.179	0.155	0.155	0.151	0.151	0.280	0.280	0.214	0.165	0.094	0.068	0.253	0.257	0.223	0.122	0.151	0.122	0.094	0.180	0.094	0.122	0.122	0.165	0.122	0.362	0.329	0.345	0.329	0.214	0.143	0.165	0.165	0.151	0.234	0.309	0.332	0.400	0.068	0.214	0.189	0.313	0.205	0.260	0.131	0.362	0.345	0.362	0.464	0.479	0.364	0.495	0.288	0.451	0.165	0.256	0.214	0.131	0.180	0.243	0.237	0.421	0.329	0.271	0.164	0.068	0.068	0.068	0.200	0.234	0.362	0.122	0.189	0.122	0.183	0.068	0.122	0.255	0.273	0.243	0.219	0.281	0.570	0.619	0.695	0.372	0.094	0.109	0.068	0.044	0.068	0.242	0.215	0.208	0.189	0.094	0.186	0.169	0.104	0.180	0.319	0.373	0.330	0.231	0.306	0.280	0.280	0.234	0.094	0.068	0.068	0.068	0.239
0.733	0.829	0.856	0.507	0.416	0.355	0.194	0.309	0.456	0.385	0.533	0.283	0.192	0.205	0.474	0.379	0.287	0.658	0.700	1.568	1.332	1.000	0.772	0.500	0.334	0.157	0.277	0.137	0.294	0.388	0.705	0.514	0.382	0.412	0.194	0.157	0.302	0.290	0.656	0.264	0.479	0.283	0.249	0.439	0.249	0.234	0.234	0.320	0.205	0.205	0.114	0.158	0.114	0.382	0.323	0.412	0.490	0.354	0.559	0.527	0.381	0.543	0.157	0.382	0.441	0.547	0.236	0.402	0.192	0.503	0.413	0.503	0.579	0.561	0.388	0.667	0.521	0.633	0.320	0.447	0.382	0.264	0.505	0.491	0.377	0.533	0.382	0.412	0.479	0.157	0.157	0.157	0.194	0.384	0.503	0.365	0.523	0.264	0.505	0.114	0.234	0.194	0.504	0.491	0.326	0.508	0.711	0.568	0.456	0.474	0.158	0.174	0.114	0.073	0.157	0.418	0.474	0.351	0.351	0.237	0.256	0.346	0.534	0.268	0.766	0.929	0.529	0.521	0.505	0.407	0.580	0.475	0.249	0.066	0.157	0.114	0.469
0.644	0.683	0.620	0.418	0.357	0.325	0.171	0.270	0.418	0.368	0.510	0.266	0.176	0.175	0.237	0.306	0.141	0.422	0.464	1.332	1.332	1.000	0.772	0.489	0.323	0.146	0.247	0.114	0.277	0.378	0.700	0.503	0.377	0.401	0.177	0.146	0.243	0.260	0.626	0.254	0.469	0.266	0.239	0.416	0.239	0.211	0.211	0.297	0.175	0.175	0.098	0.135	0.098	0.377	0.312	0.401	0.485	0.344	0.559	0.489	0.323	0.398	0.146	0.377	0.425	0.475	0.206	0.330	0.176	0.492	0.403	0.492	0.541	0.513	0.349	0.579	0.473	0.561	0.297	0.431	0.377	0.254	0.488	0.432	0.367	0.510	0.377	0.401	0.469	0.146	0.146	0.146	0.177	0.379	0.492	0.360	0.518	0.254	0.488	0.098	0.211	0.171	0.445	0.432	0.267	0.460	0.673	0.496	0.418	0.401	0.135	0.158	0.098	0.063	0.146	0.387	0.450	0.328	0.334	0.232	0.226	0.323	0.495	0.237	0.749	0.899	0.470	0.491	0.488	0.391	0.575	0.470	0.239	0.055	0.146	0.098	0.323
0.727	0.602	0.811	0.592	0.338	0.366	0.218	0.213	0.360	0.344	0.523	0.219	0.229	0.147	0.338	0.368	0.242	0.564	0.626	1.000	1.000	1.341	0.932	0.480	0.223	0.082	0.183	0.158	0.344	0.387	0.528	0.387	0.311	0.369	0.192	0.166	0.248	0.483	0.601	0.369	0.478	0.320	0.298	0.373	0.298	0.219	0.219	0.185	0.147	0.147	0.082	0.114	0.082	0.311	0.241	0.369	0.515	0.353	0.443	0.407	0.304	0.417	0.166	0.311	0.287	0.359	0.272	0.316	0.219	0.354	0.332	0.354	0.415	0.447	0.292	0.497	0.392	0.423	0.185	0.354	0.311	0.369	0.498	0.407	0.354	0.394	0.311	0.369	0.493	0.166	0.166	0.166	0.192	0.352	0.354	0.369	0.437	0.229	0.407	0.082	0.147	0.271	0.290	0.277	0.368	0.378	0.518	0.414	0.518	0.350	0.114	0.081	0.082	0.053	0.166	0.337	0.407	0.341	0.297	0.352	0.232	0.336	0.379	0.190	0.668	0.908	0.263	0.532	0.508	0.353	0.493	0.332	0.101	0.082	0.082	0.082	0.208
0.499	0.283	0.493	0.364	0.309	0.303	0.160	0.108	0.255	0.285	0.430	0.183	0.176	0.122	0.183	0.175	0.122	0.280	0.342	0.772	0.772	0.932	1.023	0.306	0.305	0.068	0.151	0.116	0.285	0.300	0.445	0.300	0.234	0.378	0.161	0.140	0.118	0.293	0.339	0.287	0.391	0.267	0.250	0.280	0.250	0.183	0.183	0.092	0.122	0.122	0.068	0.094	0.068	0.234	0.250	0.378	0.528	0.266	0.366	0.277	0.174	0.329	0.140	0.381	0.342	0.229	0.201	0.260	0.183	0.267	0.250	0.267	0.309	0.335	0.186	0.326	0.255	0.281	0.092	0.267	0.234	0.287	0.405	0.311	0.414	0.420	0.381	0.412	0.502	0.140	0.140	0.140	0.161	0.275	0.267	0.287	0.445	0.176	0.314	0.068	0.122	0.151	0.324	0.311	0.300	0.276	0.406	0.346	0.364	0.326	0.094	0.142	0.068	0.044	0.140	0.239	0.314	0.339	0.209	0.275	0.224	0.335	0.267	0.142	0.575	0.803	0.224	0.304	0.420	0.266	0.411	0.250	0.070	0.068	0.068	0.068	0.162
0.593	0.593	0.393	0.246	0.152	0.110	0.094	0.189	0.189	0.094	0.138	0.076	0.076	0.165	0.248	0.462	0.187	0.615	0.586	0.500	0.489	0.480	0.306	0.957	0.197	0.288	0.094	0.094	0.094	0.094	0.234	0.234	0.197	0.130	0.059	0.043	0.250	0.194	0.232	0.312	0.094	0.076	0.059	0.123	0.059	0.076	0.076	0.130	0.076	0.221	0.197	0.300	0.197	0.197	0.118	0.130	0.130	0.094	0.209	0.326	0.340	0.248	0.043	0.197	0.380	0.163	0.264	0.135	0.076	0.221	0.209	0.221	0.409	0.577	0.323	0.481	0.217	0.500	0.130	0.221	0.197	0.076	0.114	0.245	0.221	0.264	0.197	0.130	0.109	0.043	0.043	0.043	0.059	0.209	0.221	0.076	0.143	0.076	0.114	0.043	0.076	0.094	0.294	0.242	0.183	0.248	0.650	0.480	0.544	0.447	0.209	0.189	0.163	0.028	0.043	0.173	0.158	0.138	0.143	0.059	0.159	0.178	0.110	0.248	0.375	0.521	0.265	0.239	0.248	0.234	0.234	0.209	0.059	0.043	0.288	0.043	0.100
0.297	0.427	0.421	0.297	0.289	0.109	0.068	0.230	0.378	0.214	0.338	0.114	0.114	0.058	0.082	0.108	0.055	0.209	0.214	0.334	0.323	0.223	0.305	0.197	0.700	0.190	0.455	0.214	0.214	0.068	0.068	0.068	0.031	0.055	0.043	0.031	0.199	0.114	0.152	0.055	0.068	0.055	0.043	0.097	0.197	0.450	0.360	0.450	0.450	0.114	0.031	0.197	0.190	0.190	0.197	0.114	0.055	0.088	0.043	0.069	0.156	0.243	0.190	0.443	0.364	0.309	0.107	0.243	0.055	0.055	0.043	0.055	0.152	0.264	0.469	0.388	0.205	0.306	0.114	0.205	0.031	0.055	0.082	0.259	0.296	0.323	0.281	0.205	0.179	0.031	0.031	0.031	0.043	0.043	0.055	0.055	0.068	0.055	0.223	0.443	0.450	0.214	0.536	0.302	0.163	0.271	0.243	0.320	0.243	0.445	0.197	0.149	0.064	0.020	0.031	0.282	0.368	0.338	0.123	0.043	0.157	0.159	0.066	0.082	0.334	0.358	0.190	0.198	0.082	0.068	0.068	0.043	0.043	0.031	0.031	0.190	0.388
0.536	0.666	0.575	0.338	0.380	0.157	0.068	0.243	0.243	0.305	0.198	0.296	0.055	0.149	0.459	0.296	0.416	0.209	0.179	0.157	0.146	0.082	0.068	0.288	0.190	0.791	0.455	0.455	0.455	0.305	0.214	0.305	0.031	0.055	0.043	0.031	0.181	0.114	0.358	0.055	0.305	0.055	0.043	0.188	0.043	0.296	0.205	0.296	0.296	0.360	0.190	0.538	0.443	0.281	0.288	0.205	0.055	0.420	0.288	0.373	0.174	0.188	0.031	0.031	0.305	0.400	0.464	0.159	0.205	0.296	0.043	0.296	0.159	0.233	0.334	0.463	0.494	0.199	0.205	0.055	0.031	0.055	0.314	0.479	0.171	0.198	0.031	0.055	0.068	0.031	0.031	0.031	0.043	0.043	0.296	0.296	0.305	0.296	0.459	0.281	0.541	0.545	0.536	0.449	0.345	0.372	0.434	0.593	0.378	0.372	0.288	0.055	0.155	0.020	0.031	0.232	0.223	0.323	0.214	0.043	0.114	0.098	0.345	0.459	0.343	0.446	0.396	0.132	0.082	0.068	0.179	0.288	0.197	0.190	0.281	0.281	0.390
0.590	0.789	0.873	0.524	0.366	0.229	0.155	0.328	0.601	0.646	0.550	0.783	0.542	0.360	0.982	0.488	0.488	0.353	0.155	0.277	0.247	0.183	0.151	0.094	0.455	0.455	1.369	0.941	0.791	0.646	0.415	0.415	0.068	0.256	0.094	0.068	0.373	0.228	0.479	0.165	0.737	0.397	0.234	0.444	0.234	0.633	0.783	0.783	0.874	0.451	0.123	0.380	0.273	0.214	0.471	0.397	0.256	0.521	0.325	0.425	0.352	0.309	0.214	0.214	0.506	0.814	0.594	0.420	0.397	0.488	0.234	0.724	0.511	0.440	0.570	0.729	0.924	0.588	0.451	0.397	0.214	0.397	0.660	0.932	0.271	0.421	0.214	0.165	0.155	0.068	0.068	0.068	0.234	0.094	0.488	0.347	0.415	0.633	0.800	0.609	1.119	0.757	1.143	0.892	0.711	0.694	0.658	0.714	0.388	0.588	0.234	0.122	0.088	0.103	0.214	0.719	0.569	0.459	0.189	0.094	0.277	0.260	0.344	0.525	0.444	0.589	0.570	0.250	0.183	0.151	0.290	0.471	0.621	0.609	0.455	0.609	0.499
0.716	0.789	0.782	0.494	0.386	0.320	0.155	0.331	0.479	0.506	0.550	0.633	0.633	0.360	0.891	0.488	0.397	0.263	0.155	0.137	0.114	0.158	0.116	0.094	0.214	0.455	0.941	1.369	1.123	0.791	0.555	0.415	0.068	0.256	0.094	0.068	0.394	0.203	0.447	0.165	0.737	0.397	0.234	0.535	0.094	0.488	0.633	0.633	0.724	0.451	0.123	0.471	0.364	0.305	0.561	0.488	0.397	0.666	0.380	0.532	0.280	0.271	0.068	0.068	0.280	0.723	0.459	0.326	0.306	0.397	0.234	0.633	0.456	0.459	0.441	0.729	0.924	0.502	0.542	0.256	0.214	0.633	0.800	1.057	0.181	0.550	0.214	0.165	0.155	0.068	0.068	0.068	0.234	0.094	0.397	0.397	0.555	0.633	1.037	0.455	0.965	0.757	0.832	0.746	0.491	0.588	0.567	0.714	0.297	0.654	0.325	0.109	0.179	0.103	0.214	0.675	0.569	0.584	0.415	0.234	0.228	0.235	0.316	0.569	0.385	0.604	0.570	0.250	0.306	0.280	0.521	0.621	0.621	0.700	0.455	0.700	0.511
0.932	0.880	0.998	0.546	0.477	0.362	0.155	0.419	0.692	0.737	0.867	0.874	0.724	0.340	0.751	0.493	0.256	0.273	0.151	0.294	0.277	0.344	0.285	0.094	0.214	0.455	0.791	1.123	1.459	1.123	0.882	0.646	0.068	0.256	0.094	0.068	0.373	0.514	0.751	0.397	0.882	0.633	0.471	0.766	0.325	0.724	0.874	0.633	0.724	0.397	0.068	0.325	0.305	0.545	0.711	0.633	0.633	0.998	0.471	0.623	0.370	0.400	0.068	0.068	0.506	1.027	0.550	0.326	0.397	0.256	0.325	0.724	0.333	0.509	0.514	0.820	0.890	0.502	0.542	0.488	0.455	0.633	0.982	0.837	0.131	0.421	0.068	0.347	0.371	0.068	0.068	0.068	0.094	0.234	0.256	0.633	0.882	0.874	1.369	0.455	0.965	0.737	0.710	0.624	0.533	0.588	0.570	0.641	0.273	0.568	0.325	0.200	0.179	0.103	0.214	0.810	0.660	0.776	0.506	0.325	0.319	0.546	0.595	0.660	0.695	0.810	0.570	0.447	0.491	0.471	0.848	0.711	0.621	0.700	0.455	0.700	0.511
0.875	0.754	0.821	0.637	0.477	0.435	0.255	0.388	0.570	0.973	0.992	0.874	0.874	0.256	0.751	0.482	0.347	0.273	0.151	0.388	0.378	0.387	0.300	0.094	0.068	0.305	0.646	0.791	1.123	1.459	1.123	0.973	0.305	0.397	0.094	0.068	0.394	0.614	0.971	0.633	1.123	0.874	0.711	0.857	0.471	0.488	0.633	0.397	0.488	0.165	0.068	0.094	0.068	0.214	0.380	0.542	0.874	0.998	0.802	0.714	0.422	0.309	0.068	0.305	0.506	0.978	0.776	0.473	0.397	0.578	0.234	0.724	0.333	0.509	0.385	0.763	0.833	0.502	0.306	0.488	0.455	0.874	1.219	0.985	0.453	0.641	0.305	0.488	0.506	0.068	0.068	0.068	0.094	0.380	0.578	0.874	1.123	1.119	1.369	0.214	0.724	0.506	0.595	0.595	0.533	0.638	0.570	0.749	0.364	0.404	0.094	0.200	0.068	0.103	0.455	0.901	0.751	0.776	0.506	0.471	0.441	0.455	0.595	0.751	0.921	1.024	0.604	0.528	0.626	0.381	0.998	0.711	0.866	0.609	0.455	0.455	0.292
0.932	0.754	0.748	0.585	0.457	0.498	0.346	0.510	0.783	0.973	1.098	0.633	0.633	0.347	0.525	0.584	0.256	0.444	0.280	0.705	0.700	0.528	0.445	0.234	0.068	0.214	0.415	0.555	0.882	1.123	1.459	1.123	0.545	0.724	0.094	0.068	0.464	0.514	0.898	0.724	0.882	0.815	0.802	0.948	0.561	0.578	0.488	0.488	0.347	0.256	0.068	0.094	0.068	0.545	0.471	0.724	1.119	0.848	0.957	0.829	0.520	0.626	0.068	0.305	0.506	0.978	0.776	0.424	0.397	0.724	0.561	0.965	0.637	0.747	0.532	0.672	0.833	0.679	0.488	0.815	0.791	0.874	1.219	0.936	0.362	0.550	0.305	0.578	0.597	0.068	0.068	0.068	0.094	0.711	0.724	0.874	1.278	0.874	1.128	0.305	0.488	0.506	0.595	0.595	0.504	0.638	0.783	0.658	0.273	0.404	0.094	0.109	0.068	0.194	0.545	0.901	0.891	0.916	0.555	0.380	0.301	0.382	0.613	0.434	0.786	0.936	0.479	0.619	0.857	0.612	1.243	0.957	0.621	0.364	0.455	0.305	0.292
0.932	0.754	0.839	0.585	0.457	0.407	0.396	0.730	0.912	1.214	1.007	0.633	0.397	0.340	0.525	0.493	0.347	0.353	0.280	0.514	0.503	0.387	0.300	0.234	0.068	0.305	0.415	0.415	0.646	0.973	1.123	1.459	0.791	0.874	0.325	0.068	0.373	0.441	0.849	0.633	0.882	0.724	0.957	1.093	0.711	0.724	0.397	0.397	0.488	0.397	0.305	0.325	0.068	0.455	0.380	0.633	0.874	0.612	0.802	0.714	0.717	0.535	0.305	0.305	0.737	0.863	0.776	0.424	0.397	0.815	0.471	0.965	0.602	0.862	0.532	0.780	1.039	0.868	0.633	0.965	0.700	0.724	1.128	1.027	0.599	0.641	0.305	0.488	0.506	0.068	0.068	0.068	0.094	0.866	1.056	0.874	1.123	0.874	0.891	0.214	0.488	0.506	0.637	0.801	0.710	0.844	0.783	0.749	0.364	0.434	0.094	0.122	0.068	0.103	0.455	0.810	0.660	0.916	0.646	0.234	0.364	0.333	0.648	0.525	0.692	0.730	0.768	0.650	0.766	0.521	0.998	0.711	0.621	0.364	0.455	0.214	0.292
0.427	0.427	0.425	0.405	0.372	0.345	0.295	0.469	0.469	0.545	0.575	0.055	0.205	0.149	0.082	0.190	0.055	0.209	0.214	0.382	0.377	0.311	0.234	0.197	0.031	0.031	0.068	0.068	0.068	0.305	0.545	0.791	0.791	0.700	0.288	0.031	0.181	0.157	0.358	0.296	0.214	0.296	0.538	0.666	0.538	0.296	0.055	0.205	0.296	0.296	0.281	0.288	0.031	0.281	0.197	0.450	0.450	0.305	0.538	0.373	0.575	0.459	0.281	0.281	0.305	0.194	0.323	0.323	0.055	0.541	0.288	0.296	0.390	0.571	0.334	0.479	0.518	0.585	0.450	0.541	0.281	0.296	0.459	0.571	0.416	0.338	0.281	0.296	0.305	0.031	0.031	0.031	0.043	0.700	0.791	0.450	0.455	0.296	0.223	0.031	0.055	0.068	0.181	0.345	0.345	0.479	0.334	0.355	0.114	0.266	0.043	0.055	0.031	0.020	0.281	0.464	0.459	0.575	0.609	0.197	0.243	0.098	0.200	0.223	0.243	0.358	0.518	0.327	0.666	0.420	0.420	0.288	0.197	0.031	0.031	0.031	0.098
0.721	0.630	0.771	0.556	0.593	0.551	0.532	0.650	0.797	0.724	0.758	0.238	0.383	0.418	0.367	0.421	0.098	0.317	0.165	0.412	0.401	0.369	0.378	0.130	0.055	0.055	0.256	0.256	0.256	0.397	0.724	0.874	0.700	1.210	0.553	0.296	0.510	0.264	0.436	0.624	0.633	0.474	0.707	0.844	0.462	0.565	0.238	0.383	0.565	0.474	0.296	0.312	0.055	0.205	0.130	0.383	0.624	0.256	0.462	0.374	0.575	0.642	0.541	0.205	0.347	0.416	0.517	0.297	0.098	0.474	0.221	0.474	0.579	0.826	0.412	0.587	0.881	0.806	0.624	0.715	0.450	0.474	0.642	0.777	0.349	0.301	0.205	0.238	0.488	0.296	0.296	0.296	0.312	0.616	0.715	0.383	0.633	0.474	0.411	0.296	0.329	0.347	0.478	0.642	0.551	0.685	0.533	0.408	0.205	0.282	0.076	0.098	0.055	0.190	0.450	0.652	0.642	0.758	0.542	0.371	0.442	0.388	0.399	0.276	0.442	0.480	0.724	0.530	0.608	0.362	0.508	0.462	0.371	0.205	0.296	0.296	0.353
0.451	0.650	0.866	0.521	0.340	0.456	0.370	0.487	0.866	0.325	0.229	0.076	0.076	0.165	0.114	0.167	0.076	0.155	0.094	0.194	0.177	0.192	0.161	0.059	0.043	0.043	0.094	0.094	0.094	0.094	0.094	0.325	0.288	0.553	0.957	0.700	0.660	0.548	0.560	0.221	0.325	0.076	0.300	0.339	0.300	0.312	0.076	0.076	0.312	0.312	0.288	0.300	0.043	0.043	0.059	0.076	0.076	0.094	0.059	0.229	0.323	0.339	0.538	0.043	0.325	0.163	0.135	0.264	0.221	0.221	0.209	0.076	0.190	0.451	0.194	0.425	0.456	0.365	0.312	0.312	0.043	0.076	0.248	0.360	0.187	0.364	0.043	0.076	0.325	0.700	0.700	0.700	0.704	0.209	0.312	0.221	0.094	0.076	0.114	0.043	0.076	0.094	0.225	0.389	0.481	0.454	0.280	0.577	0.409	0.374	0.209	0.221	0.043	0.095	0.197	0.264	0.248	0.355	0.325	0.300	0.323	0.325	0.366	0.248	0.371	0.318	0.562	0.549	0.263	0.254	0.094	0.059	0.059	0.043	0.043	0.043	0.190
0.320	0.518	0.609	0.461	0.289	0.425	0.204	0.230	0.609	0.068	0.098	0.055	0.055	0.055	0.082	0.108	0.055	0.118	0.068	0.157	0.146	0.166	0.140	0.043	0.031	0.031	0.068	0.068	0.068	0.068	0.068	0.068	0.031	0.296	0.700	0.700	0.609	0.523	0.523	0.205	0.305	0.055	0.043	0.082	0.043	0.055	0.055	0.055	0.055	0.055	0.031	0.043	0.031	0.031	0.043	0.055	0.055	0.068	0.043	0.185	0.192	0.314	0.281	0.031	0.068	0.104	0.098	0.232	0.205	0.205	0.197	0.055	0.098	0.194	0.157	0.315	0.199	0.108	0.055	0.055	0.031	0.055	0.082	0.103	0.055	0.232	0.031	0.055	0.305	0.700	0.700	0.700	0.700	0.043	0.055	0.055	0.068	0.055	0.082	0.031	0.055	0.068	0.132	0.132	0.224	0.197	0.243	0.411	0.378	0.281	0.197	0.205	0.031	0.092	0.190	0.232	0.223	0.098	0.068	0.288	0.291	0.300	0.286	0.082	0.334	0.267	0.305	0.292	0.097	0.088	0.068	0.043	0.043	0.031	0.031	0.031	0.159
0.724	0.945	0.847	0.684	0.407	0.466	0.327	0.588	1.025	0.464	0.460	0.312	0.321	0.265	0.441	0.382	0.180	0.389	0.253	0.302	0.243	0.248	0.118	0.250	0.199	0.181	0.373	0.394	0.373	0.394	0.464	0.373	0.181	0.510	0.660	0.609	1.684	0.866	1.011	0.601	0.571	0.312	0.347	0.396	0.241	0.412	0.321	0.321	0.403	0.221	0.090	0.241	0.090	0.199	0.250	0.215	0.403	0.253	0.250	0.369	0.299	0.475	0.288	0.181	0.276	0.429	0.369	0.364	0.403	0.412	0.347	0.403	0.445	0.625	0.423	0.772	0.547	0.476	0.221	0.412	0.296	0.412	0.566	0.564	0.326	0.609	0.181	0.215	0.339	0.609	0.609	0.609	0.660	0.150	0.326	0.235	0.282	0.321	0.532	0.296	0.403	0.484	0.490	0.534	0.694	0.538	0.605	0.809	0.639	0.624	0.347	0.221	0.056	0.258	0.403	0.682	0.618	0.494	0.276	0.256	0.241	0.371	0.323	0.344	0.519	0.465	0.498	0.507	0.305	0.248	0.339	0.347	0.365	0.205	0.296	0.288	0.336
0.676	0.738	0.982	0.675	0.349	0.448	0.172	0.290	0.860	0.532	0.658	0.412	0.365	0.135	0.359	0.374	0.205	0.422	0.257	0.290	0.260	0.483	0.293	0.194	0.114	0.114	0.228	0.203	0.514	0.614	0.514	0.441	0.157	0.264	0.548	0.523	0.866	1.477	1.300	0.687	0.614	0.490	0.475	0.505	0.413	0.447	0.412	0.192	0.283	0.143	0.114	0.158	0.114	0.334	0.323	0.321	0.490	0.388	0.249	0.344	0.261	0.348	0.157	0.157	0.392	0.456	0.474	0.345	0.533	0.356	0.500	0.447	0.378	0.511	0.428	0.655	0.431	0.303	0.101	0.447	0.382	0.490	0.630	0.329	0.234	0.383	0.157	0.447	0.532	0.523	0.523	0.523	0.548	0.323	0.234	0.412	0.423	0.490	0.634	0.157	0.283	0.277	0.340	0.326	0.290	0.326	0.422	0.727	0.620	0.530	0.232	0.230	0.031	0.171	0.359	0.689	0.539	0.533	0.228	0.237	0.311	0.563	0.566	0.359	0.553	0.622	0.308	0.580	0.471	0.389	0.479	0.249	0.237	0.127	0.218	0.218	0.147
0.883	1.104	1.222	0.968	0.531	0.665	0.253	0.361	0.913	0.940	0.859	0.649	0.501	0.173	0.577	0.528	0.360	0.418	0.223	0.656	0.626	0.601	0.339	0.232	0.152	0.358	0.479	0.447	0.751	0.971	0.898	0.849	0.358	0.436	0.560	0.523	1.011	1.300	1.934	0.812	0.971	0.649	0.651	0.690	0.615	0.485	0.436	0.230	0.321	0.196	0.152	0.211	0.152	0.358	0.347	0.509	0.649	0.773	0.651	0.636	0.480	0.566	0.181	0.358	0.643	0.735	0.807	0.580	0.686	0.777	0.524	0.691	0.493	0.602	0.481	1.021	0.797	0.488	0.139	0.485	0.394	0.649	1.021	0.723	0.537	0.716	0.358	0.662	0.734	0.523	0.523	0.523	0.560	0.524	0.662	0.813	0.807	0.869	0.996	0.181	0.527	0.445	0.632	0.619	0.565	0.692	0.691	1.059	0.913	0.692	0.256	0.254	0.055	0.171	0.523	0.875	0.725	0.643	0.446	0.396	0.440	0.587	0.846	0.618	0.929	0.972	0.622	0.797	0.673	0.427	0.773	0.487	0.615	0.359	0.449	0.230	0.274
0.812	0.596	0.680	0.586	0.593	0.576	0.382	0.389	0.662	0.724	0.743	0.383	0.383	0.327	0.276	0.618	0.098	0.442	0.122	0.264	0.254	0.369	0.287	0.312	0.055	0.055	0.165	0.165	0.397	0.633	0.724	0.633	0.296	0.624	0.221	0.205	0.601	0.687	0.812	1.210	0.874	0.715	0.707	0.733	0.553	0.474	0.383	0.147	0.238	0.147	0.055	0.076	0.055	0.296	0.221	0.474	0.624	0.453	0.312	0.267	0.371	0.517	0.205	0.296	0.488	0.593	0.617	0.388	0.329	0.329	0.312	0.474	0.297	0.553	0.456	0.609	0.584	0.527	0.147	0.474	0.450	0.715	0.733	0.571	0.329	0.263	0.296	0.565	0.724	0.205	0.205	0.205	0.221	0.462	0.329	0.474	0.542	0.624	0.642	0.205	0.238	0.256	0.387	0.374	0.255	0.338	0.408	0.426	0.411	0.520	0.221	0.182	0.171	0.099	0.450	0.652	0.502	0.526	0.256	0.371	0.485	0.579	0.551	0.147	0.662	0.808	0.427	0.755	0.467	0.222	0.508	0.221	0.371	0.114	0.450	0.205	0.262
0.750	0.754	0.912	0.734	0.654	0.648	0.396	0.419	0.692	0.973	0.766	0.874	0.633	0.347	0.842	0.493	0.347	0.364	0.151	0.479	0.469	0.478	0.391	0.094	0.068	0.305	0.737	0.737	0.882	1.123	0.882	0.882	0.214	0.633	0.325	0.305	0.571	0.614	0.971	0.874	1.459	0.874	0.711	0.857	0.471	0.488	0.633	0.488	0.578	0.256	0.068	0.094	0.068	0.214	0.380	0.542	0.633	0.757	0.471	0.425	0.352	0.535	0.305	0.214	0.506	0.863	0.776	0.382	0.397	0.488	0.234	0.724	0.424	0.590	0.388	0.711	0.948	0.617	0.397	0.488	0.455	0.724	0.982	0.862	0.362	0.330	0.214	0.488	0.737	0.305	0.305	0.305	0.325	0.380	0.488	0.633	0.791	1.119	1.128	0.305	0.815	0.597	0.686	0.686	0.624	0.638	0.661	0.585	0.364	0.313	0.094	0.122	0.068	0.194	0.455	0.901	0.525	0.550	0.189	0.380	0.515	0.602	0.801	0.525	1.012	1.024	0.711	0.650	0.400	0.155	0.757	0.561	0.866	0.700	0.545	0.545	0.455
0.773	0.687	0.590	0.576	0.611	0.619	0.382	0.389	0.624	0.815	0.834	0.624	0.624	0.329	0.502	0.421	0.098	0.320	0.122	0.283	0.266	0.320	0.267	0.076	0.055	0.055	0.397	0.397	0.633	0.874	0.815	0.724	0.296	0.474	0.076	0.055	0.312	0.490	0.649	0.715	0.874	1.210	0.798	0.844	0.553	0.565	0.624	0.383	0.474	0.238	0.055	0.076	0.055	0.296	0.371	0.534	0.715	0.508	0.312	0.267	0.270	0.376	0.055	0.296	0.347	0.729	0.849	0.579	0.474	0.329	0.312	0.565	0.353	0.466	0.264	0.587	0.584	0.527	0.293	0.565	0.541	0.806	0.824	0.613	0.329	0.392	0.296	0.715	0.599	0.055	0.055	0.055	0.076	0.462	0.329	0.474	0.633	0.870	0.878	0.296	0.474	0.347	0.436	0.436	0.283	0.469	0.442	0.408	0.229	0.338	0.076	0.091	0.055	0.190	0.541	0.883	0.593	0.617	0.397	0.371	0.485	0.353	0.363	0.320	0.537	0.683	0.553	0.712	0.608	0.362	0.599	0.312	0.616	0.360	0.296	0.450	0.297
0.684	0.525	0.682	0.514	0.431	0.414	0.461	0.544	0.816	1.048	0.922	0.462	0.462	0.405	0.339	0.446	0.076	0.280	0.094	0.249	0.239	0.298	0.250	0.059	0.043	0.043	0.234	0.234	0.471	0.711	0.802	0.957	0.538	0.707	0.300	0.043	0.347	0.475	0.651	0.707	0.711	0.798	1.048	1.048	0.794	0.798	0.462	0.221	0.553	0.462	0.288	0.300	0.043	0.288	0.209	0.462	0.707	0.436	0.300	0.211	0.412	0.354	0.288	0.288	0.561	0.629	0.686	0.355	0.312	0.312	0.300	0.553	0.416	0.664	0.249	0.425	0.753	0.644	0.462	0.798	0.538	0.798	0.957	0.828	0.428	0.364	0.288	0.553	0.561	0.043	0.043	0.043	0.059	0.704	0.553	0.707	0.621	0.707	0.716	0.288	0.312	0.325	0.438	0.602	0.511	0.580	0.371	0.423	0.158	0.317	0.059	0.076	0.043	0.186	0.538	0.721	0.571	0.832	0.471	0.209	0.280	0.355	0.414	0.248	0.500	0.524	0.481	0.684	0.591	0.345	0.586	0.300	0.454	0.197	0.288	0.288	0.264
0.961	0.840	0.959	0.653	0.577	0.482	0.501	0.850	1.123	1.073	1.218	0.608	0.608	0.426	0.517	0.515	0.147	0.359	0.180	0.439	0.416	0.373	0.280	0.123	0.097	0.188	0.444	0.535	0.766	0.857	0.948	1.093	0.666	0.844	0.339	0.082	0.396	0.505	0.690	0.733	0.857	0.844	1.048	1.580	0.807	0.935	0.753	0.753	0.844	0.608	0.314	0.445	0.188	0.575	0.741	0.994	0.844	0.732	0.445	0.448	0.649	0.564	0.314	0.314	0.616	0.888	0.758	0.446	0.367	0.467	0.445	0.699	0.593	0.835	0.634	0.956	0.943	0.901	0.994	0.935	0.666	0.824	0.996	0.926	0.467	0.453	0.314	0.593	0.616	0.082	0.082	0.082	0.114	0.832	0.699	0.733	0.766	0.844	1.011	0.425	0.608	0.491	0.551	0.629	0.538	0.724	0.575	0.682	0.314	0.554	0.214	0.147	0.063	0.199	0.550	1.252	0.871	1.036	0.766	0.248	0.307	0.380	0.440	0.335	0.564	0.618	0.706	0.773	0.746	0.501	0.732	0.445	0.591	0.334	0.314	0.575	0.453
0.611	0.559	0.769	0.538	0.431	0.414	0.311	0.544	0.816	1.048	0.922	0.462	0.462	0.165	0.114	0.258	0.076	0.158	0.094	0.249	0.239	0.298	0.250	0.059	0.197	0.043	0.234	0.094	0.325	0.471	0.561	0.711	0.538	0.462	0.300	0.043	0.241	0.413	0.615	0.553	0.471	0.553	0.794	0.807	1.048	0.798	0.553	0.312	0.553	0.312	0.288	0.300	0.043	0.288	0.209	0.462	0.462	0.436	0.300	0.229	0.618	0.591	0.538	0.538	0.802	0.629	0.595	0.416	0.312	0.312	0.300	0.312	0.269	0.539	0.413	0.408	0.547	0.644	0.312	0.798	0.288	0.553	0.716	0.664	0.428	0.364	0.288	0.553	0.561	0.043	0.043	0.043	0.059	0.704	0.553	0.707	0.380	0.462	0.480	0.288	0.312	0.094	0.347	0.425	0.511	0.580	0.158	0.612	0.158	0.398	0.059	0.076	0.043	0.028	0.288	0.721	0.571	0.741	0.471	0.209	0.280	0.355	0.456	0.248	0.500	0.524	0.481	0.584	0.591	0.345	0.436	0.059	0.209	0.043	0.043	0.043	0.190
0.830	0.834	1.022	0.513	0.487	0.277	0.362	0.846	1.210	1.056	1.085	0.715	0.474	0.534	0.367	0.511	0.098	0.320	0.122	0.234	0.211	0.219	0.183	0.076	0.450	0.296	0.633	0.488	0.724	0.488	0.578	0.724	0.296	0.565	0.312	0.055	0.412	0.447	0.485	0.474	0.488	0.565	0.798	0.935	0.798	1.301	0.961	0.715	1.052	0.715	0.296	0.553	0.296	0.541	0.462	0.383	0.474	0.362	0.076	0.267	0.468	0.517	0.541	0.296	0.815	0.910	0.617	0.296	0.329	0.098	0.312	0.565	0.522	0.792	0.728	0.678	0.857	0.897	0.624	1.052	0.541	0.565	0.733	0.770	0.204	0.263	0.055	0.329	0.347	0.055	0.055	0.055	0.076	0.462	0.329	0.474	0.488	0.474	0.824	0.791	0.806	0.578	0.820	0.734	0.765	0.791	0.411	0.647	0.205	0.570	0.312	0.098	0.171	0.190	0.296	0.883	0.733	0.994	0.488	0.076	0.205	0.388	0.490	0.276	0.411	0.374	0.593	0.617	0.376	0.362	0.453	0.312	0.312	0.205	0.296	0.541	0.579
0.682	0.721	0.840	0.485	0.405	0.235	0.131	0.524	0.888	0.724	0.849	0.870	0.624	0.327	0.502	0.421	0.098	0.229	0.122	0.234	0.211	0.219	0.183	0.076	0.360	0.205	0.783	0.633	0.874	0.633	0.488	0.397	0.055	0.238	0.076	0.055	0.321	0.412	0.436	0.383	0.633	0.624	0.462	0.753	0.553	0.961	1.210	0.870	0.961	0.474	0.055	0.221	0.205	0.450	0.616	0.534	0.383	0.508	0.076	0.267	0.371	0.426	0.296	0.296	0.578	0.869	0.526	0.306	0.329	0.098	0.312	0.474	0.353	0.553	0.721	0.734	0.641	0.618	0.534	0.715	0.450	0.474	0.502	0.553	0.098	0.175	0.055	0.329	0.347	0.055	0.055	0.055	0.076	0.221	0.098	0.238	0.397	0.624	0.969	0.700	0.961	0.488	0.674	0.423	0.496	0.536	0.320	0.483	0.205	0.429	0.221	0.098	0.080	0.099	0.205	1.028	0.642	0.667	0.165	0.076	0.234	0.444	0.454	0.276	0.499	0.446	0.411	0.404	0.242	0.222	0.362	0.221	0.462	0.360	0.205	0.700	0.488
0.682	0.687	0.754	0.513	0.405	0.277	0.131	0.615	0.888	0.488	0.758	0.624	0.624	0.327	0.502	0.421	0.098	0.317	0.165	0.320	0.297	0.185	0.092	0.130	0.450	0.296	0.783	0.633	0.633	0.397	0.488	0.397	0.205	0.383	0.076	0.055	0.321	0.192	0.230	0.147	0.488	0.383	0.221	0.753	0.312	0.715	0.870	1.210	0.961	0.383	0.055	0.312	0.296	0.450	0.616	0.534	0.383	0.362	0.221	0.374	0.468	0.517	0.296	0.296	0.347	0.721	0.392	0.397	0.098	0.238	0.221	0.474	0.579	0.701	0.869	0.882	0.618	0.806	0.870	0.715	0.450	0.238	0.276	0.553	0.098	0.175	0.055	0.098	0.122	0.055	0.055	0.055	0.076	0.221	0.238	0.098	0.306	0.383	0.733	0.700	0.961	0.488	0.674	0.423	0.496	0.594	0.533	0.483	0.205	0.520	0.312	0.098	0.171	0.099	0.205	1.028	0.878	0.667	0.397	0.076	0.234	0.224	0.186	0.276	0.286	0.339	0.462	0.198	0.276	0.256	0.362	0.462	0.462	0.360	0.205	0.700	0.488
